[ 1.06803650e-02  3.49784572e-01  1.04892570e-01  2.79406161e-01
  1.66604601e-01  2.36275550e-01  1.16609391e-01  2.55934266e-01
 -4.04332576e-02  1.64562399e-01 -1.54034358e-01  7.97805425e-02
 -4.80617610e-02 -4.61959747e-02 -3.24705432e-03  2.16124035e-01
  1.34372953e-01 -1.84301634e-01  1.33835236e-01  2.52546671e-01
  1.17946771e-01 -4.54756764e-03 -3.64212538e-02 -3.14869744e-02
  1.08108488e-01  2.94234191e-02 -1.28403762e-01 -8.66507978e-02
 -2.40824283e-01 -1.26942026e-01 -1.63582073e-01 -1.89819184e-02
  5.24823321e-02  7.15700789e-03  2.14435473e-01 -1.51949875e-01
  1.17585562e-01  6.82551809e-02  3.27822403e-02 -6.59254387e-02
  2.33635175e-05 -8.74262615e-02 -7.89488974e-02 -2.02833055e-01
 -1.00094275e-01 -2.63625536e-02 -4.27239607e-02  6.73234432e-02
  1.77729055e-01 -3.86704689e-03  1.69095026e-01]