LU: [0 0 0 0 0 0 0 0 0 0 0 0 0 0 0 0 0 0 0 0 0 0 0 0 0 0 0 0 0 0 0 0 0 0 0 0 0
 0 0 0 0 0 0 0]
Momentum: [ 0  0  0  0  0  0  0  0  0  0  0  0  0  0  0  0  0  0  0  0  0  0  0  0
  0  0  1  1  0  0  1  3  1 11  4  6  6  2  7 23  2  1  1  0]
Unaligned (big names): [0 0 0 0 0 0 0 0 0 0 0 0 0 0 0 0 0 0 0 0 0 0 0 0 0 0 0 0 0 0 0 0 0 0 1 1 0
 0 1 0 2 0 0 1]
LU Plus: [0 0 1 0 0 0 0 0 0 1 1 0 0 0 1 0 0 3 0 1 1 0 0 1 0 0 0 0 0 0 0 0 0 0 0 0 0
 0 0 0 0 0 0 0]
Unaligned (random): [0 0 0 0 0 0 0 3 0 0 1 0 1 1 1 0 0 2 1 0 1 0 0 1 0 1 0 0 0 3 0 0 0 0 0 0 1
 0 1 0 0 0 0 0]
B&R + SA: [0 0 0 0 0 0 0 0 0 0 0 0 0 0 0 0 0 0 1 0 0 1 0 1 1 0 0 0 1 1 4 0 0 0 0 0 0
 0 0 0 1 0 0 0]
