LU: [0 0 0 0 0 0 0 0 0 0 0 0 0 0 0 0 0 0 0 0 0 0 0 0 0 0 0 0 0 0 0 0 0 0 0 0 0
 0 0 0 0 1 0 1]
Momentum: [0 0 0 0 0 0 0 0 0 0 0 0 0 0 0 0 0 0 0 0 0 0 0 0 1 7 8 0 1 2 0 1 0 0 0 1 1
 2 0 0 0 0 0 0]
Unaligned (big names): [0 0 0 0 0 0 0 0 0 0 0 0 0 0 0 0 0 0 0 0 0 0 0 0 0 0 0 0 0 0 0 0 0 0 0 0 0
 1 0 1 2 0 1 1]
LU Plus: [ 0  0  0  1  0  0  0  1  0  1  1  0  0  1  0  0  1 13  5  5  5  0  1  0
  0  0  0  0  0  0  0  0  0  0  0  0  0  0  0  0  0  0  0  1]
Unaligned (random): [0 1 0 1 1 0 0 0 1 0 1 0 0 0 0 0 0 0 0 1 0 1 1 1 1 2 0 1 0 0 1 0 0 1 0 1 2
 0 1 1 0 0 0 0]
B&R + SA: [ 0  0  0  0  0  0  0  0  0  0  0  0  0  0  0  0  0  0  0  0  0  0  0  0
  0  0  0  0  0  0  0  0  0  0  1  0  2  1  1  2  0  0  1 11]
