LU: [0 0 0 0 0 0 0 0 0 0 0 0 0 0 0 0 0 0 0 0 0 1 1 0 0 0 0 0 0 0 0 0 0 0 0 0 0
 1 0 0 0 0 0 0]
Momentum: [ 0  0  0  0  0  0  0  0  0  0  0  0  0  0  0  0  0  0  0  0  0  0  0  1
  2  4  1  2  2  8 21  6  2  1  1  0  1  0  0  0  0  1  6  2]
Unaligned (big names): [0 0 0 0 0 0 0 0 0 0 0 0 0 0 0 0 0 0 0 0 0 0 0 0 0 0 0 0 0 0 0 0 0 0 1 0 0
 0 2 0 0 2 0 2]
LU Plus: [ 0  0  0  0  0  0  0  0  1  0  0  0  1  0  2  2  3  1  2  4  6  3 25  2
  0  1  0  0  1  1  0  0  0  0  0  0  0  0  0  0  0  0  0  1]
Unaligned (random): [0 0 1 1 1 0 0 0 0 0 1 0 0 0 0 0 0 0 0 1 1 0 0 0 0 0 2 1 0 1 1 0 0 0 2 0 1
 0 0 1 1 1 0 0]
B&R + SA: [0 0 0 0 0 0 0 0 0 0 0 0 0 0 0 0 0 0 0 0 0 0 0 0 0 0 0 0 0 0 0 0 0 0 0 0 0
 0 0 0 0 0 0 0]
