LU: [ 0  0  0  0  0  0  0  0  0  0  0  0  0  0  0  0  0  0  0  0  0  0  0  1
  0  0  1  0  0  1  2  5  6 55  4  3  2  1  0  1  1  0  1  0]
Momentum: [0 0 0 0 0 0 0 0 0 0 0 0 1 0 0 0 0 0 1 0 0 0 0 0 0 0 0 1 0 0 0 0 0 0 0 0 0
 0 0 0 0 0 0 0]
Unaligned (big names): [0 0 0 0 0 0 0 0 0 0 0 0 0 0 0 0 0 0 0 0 0 0 0 0 0 0 0 0 0 0 0 0 0 0 1 4 3
 0 0 1 1 0 0 1]
LU Plus: [ 0  0  0  0  0  0  0  0  0  0  0  0  0  0  0  0  0  0  1  0  0  0  0  1
  0  0  1  1  0  1  4  4  7 46  3  3  2  0  0  1  0  0  2  0]
Unaligned (random): [0 0 0 0 0 0 0 0 0 0 0 0 0 0 0 0 0 1 1 1 0 0 0 0 1 2 0 1 1 2 1 2 0 1 1 0 0
 2 1 0 0 2 0 0]
B&R + SA: [0 0 0 0 0 0 0 0 0 0 0 0 0 0 0 0 0 0 0 0 0 1 1 0 1 1 0 4 0 1 0 0 0 0 0 0 0
 0 0 0 0 0 0 0]
