[ 9.69028212e-02  2.00470792e-01 -6.70734961e-03  1.64677102e-01
 -9.00505876e-02 -7.89237574e-02 -4.71441866e-03  1.11883694e-01
  1.21299291e-01  6.16662117e-02 -5.97611267e-02  3.63098548e-01
 -3.96308113e-02 -2.62149896e-01  6.08557478e-03 -4.92705157e-02
  4.82712342e-02  3.04970935e-01 -4.17027786e-02  8.90107882e-02
 -5.58685233e-02  7.75451072e-02 -1.79462334e-01  1.64315773e-01
 -4.29317751e-02 -6.58667818e-02  5.78544313e-02  3.03247714e-01
 -1.59184787e-01 -7.86527514e-02 -1.02078352e-01 -1.80576119e-01
  3.46537430e-04 -2.98766753e-01 -4.47278041e-02 -1.15757809e-01
 -7.46917641e-02 -1.99157730e-02 -2.23685914e-02  5.90758142e-02
 -2.22488997e-01 -1.20342957e-01  4.22174917e-03  1.30663000e-01
  2.28706613e-01 -2.00699742e-01 -4.48709871e-02 -1.04354415e-01
 -1.02107689e-01 -3.33979844e-02 -8.70482302e-02]