[-5.74856305e-02 -9.64409959e-02 -1.27297261e-01  1.28793893e-01
 -2.67893591e-02 -3.18198729e-02 -1.43263099e-01 -1.32506989e-01
 -7.61006350e-02  9.71963394e-02  8.73552708e-02 -1.62360835e-01
 -6.18591013e-02 -4.91305539e-01  2.01077435e-01  3.59600816e-02
  6.65509113e-02 -1.67604088e-02  1.34663725e-02  5.17666543e-02
  9.34337174e-02  1.27680912e-01 -4.72177561e-02  2.39094559e-01
  5.20167995e-02 -1.81479770e-01 -1.71906700e-01  1.31168457e-01
 -1.70699264e-03 -9.25998564e-02  1.14688751e-01 -4.99411452e-02
  3.38511633e-02 -2.44607156e-03 -1.05601484e-01  2.47650022e-01
 -1.43867985e-01 -2.94848396e-01  2.46375735e-02  4.07545241e-02
  3.58468422e-01  1.49840926e-04 -2.46345142e-02  7.26190430e-02
 -1.00447250e-01  1.14740053e-01  4.45053058e-02  1.70939739e-01
  4.60649752e-02 -3.44702066e-02  6.57434765e-02]