Cluster 1: [ 0  0  0  0  0  0  0  0  0  0  0  0  0  0  0  0  0  0  0  0  0  0  0  1
  0  1  0  0  0  0  1  3  6  3  7 14 94  8  4  6  1  5  2  1]
Cluster 2: [0 0 0 0 0 1 0 0 0 0 0 0 0 0 0 0 0 1 0 0 0 0 0 0 0 0 0 0 0 0 0 0 0 0 0 0 0
 0 0 0 0 0 0 0]
Cluster 3: [0 0 0 0 0 0 0 0 0 0 0 0 0 0 0 0 0 0 0 0 0 0 0 0 0 0 0 0 0 0 0 0 0 0 2 0 1
 0 0 2 1 2 2 1]
Cluster 4: [0 0 1 0 0 0 0 1 0 1 0 0 0 0 0 0 0 1 0 0 2 1 0 1 1 0 0 1 0 0 1 1 0 0 4 2 2
 1 1 0 0 0 1 2]
Cluster 5: [ 0  0  0  0  0  0  0  0  0  0  0  0  0  0  0  0  0  0  0  0  0  0  0  0
  0  0  1  0  0  0  0  0  0  1  1  1 10  0  0  0  0  0  0  0]
