Cluster 1: [ 0  0  0  0  0  0  0  0  0  0  0  0  1  0  0  1  0  1  2  3  5 32 18  4
  1  0  1  0  0  0  0  0  0  0  0  0  0  0  0  0  0  0  1  0]
Cluster 2: [0 0 0 0 1 0 0 0 0 0 0 0 0 0 0 0 0 0 0 0 0 0 0 0 4 1 3 6 2 0 1 1 0 1 0 0 0
 0 3 0 0 0 1 1]
Cluster 3: [0 0 0 0 0 0 0 0 0 0 0 0 0 0 0 0 0 0 0 0 0 0 0 0 0 0 0 0 0 0 1 0 0 0 0 0 0
 0 1 2 1 0 1 0]
Cluster 4: [0 0 0 0 0 0 0 0 0 0 0 0 0 0 0 1 0 1 1 0 1 0 0 1 1 1 0 1 1 1 0 2 1 1 0 0 1
 4 1 1 1 1 2 0]
Cluster 5: [ 0  0  0  0  0  0  0  0  0  0  0  0  0  0  0  0  0  0  0  0  0  0  0  0
  0  0  0  0  0  0  0  0  0  0  0  1  0  1  2  0 11  4  0  0]
