Cluster 1: [0 0 1 0 0 0 0 0 0 1 1 0 0 0 0 0 0 2 0 1 0 0 0 1 0 0 0 0 0 0 0 0 0 0 0 0 0
 0 0 0 0 0 0 0]
Cluster 2: [ 0  0  0  0  0  0  0  0  0  0  0  0  0  0  0  0  0  0  0  0  0  0  0  0
  0  0  1  1  0  0  1  3  1 11  4  6  6  2  7 23  2  1  1  0]
Cluster 3: [0 0 0 0 0 0 0 0 0 0 0 0 0 0 0 0 0 0 0 0 0 0 0 0 0 0 0 0 0 0 0 0 0 0 1 1 0
 0 1 0 2 0 0 1]
Cluster 4: [0 0 0 0 0 0 0 3 0 0 1 0 1 1 2 0 0 3 1 0 2 0 0 1 0 1 0 0 0 3 0 0 0 0 0 0 1
 0 1 0 0 0 0 0]
Cluster 5: [0 0 0 0 0 0 0 0 0 0 0 0 0 0 0 0 0 0 1 0 0 1 0 1 1 0 0 0 1 1 4 0 0 0 0 0 0
 0 0 0 1 0 0 0]
