Cluster 1: [  0   0   0   0   0   0   0   0   0   0   0   0   0   0   0   0   0   0
   0   0   0   2   0   6 100   8   5   1   1   0   1   2   1   2   4   1
   2   0   3   2   5   3   3   3]
Cluster 2: [0 0 0 0 0 0 0 0 0 0 0 0 0 0 0 0 1 0 0 0 0 1 0 0 0 0 0 0 0 0 1 0 0 0 0 0 0
 0 0 0 0 0 0 0]
Cluster 3: [0 0 0 0 0 0 0 0 0 0 0 0 0 0 0 0 0 0 0 0 0 0 0 0 0 0 0 0 0 0 0 0 0 0 0 1 1
 1 0 0 1 2 0 1]
Cluster 4: [0 0 0 0 0 0 0 0 0 0 0 0 0 0 0 0 1 0 0 1 0 2 4 0 0 1 0 2 1 2 0 0 2 1 0 1 0
 0 2 1 0 1 1 1]
Cluster 5: [0 0 0 0 0 0 0 0 0 0 0 0 0 0 0 0 0 0 0 0 0 2 1 1 0 1 1 0 1 1 0 0 0 0 0 0 0
 0 0 0 0 1 0 0]
