Cluster 1: [0 0 0 0 1 0 1 0 0 0 0 0 0 1 1 0 4 3 4 4 4 2 1 0 0 0 0 0 0 0 0 0 0 0 0 0 0
 0 0 0 0 0 0 0]
Cluster 2: [ 0  0  0  0  0  0  0  0  0  0  0  0  0  0  0  0  0  0  0  0  0  0  0  0
  2  5  4 15  8  6  4  0  2  0  0  0  1  0  0  2  0  0  0  1]
Cluster 3: [0 0 0 0 0 0 0 0 0 0 0 0 0 0 0 0 0 0 0 0 0 0 0 0 0 0 0 0 0 0 0 0 0 0 0 0 0
 0 0 0 0 0 1 1]
Cluster 4: [0 0 1 0 0 1 0 0 0 0 0 3 1 1 1 0 0 1 0 1 1 1 0 0 0 0 0 0 1 0 1 0 0 0 1 0 4
 1 0 2 1 0 0 0]
Cluster 5: [ 0  0  0  0  0  0  0  0  0  0  0  0  0  0  0  0  0  0  0  0  0  0  0  0
  0  0  0  0  0  0  0  0  0  0  0  0  0  1  1  4  2  1 10  1]
