Cluster 1: [  0   0   0   0   0   0   0   0   0   0   0   0   0   0   0   0   0   0
   0   0   0   0   0   0   1   0   0   0   1   2   8   6 101   8   6   3
   3   3   4   2   2   5   2   1]
Cluster 2: [0 0 0 0 0 0 0 0 0 0 0 0 0 0 0 1 0 0 0 1 0 0 0 0 0 0 0 0 0 0 0 0 0 0 0 0 0
 0 0 0 0 0 0 0]
Cluster 3: [0 0 0 0 0 0 0 0 0 0 0 0 0 0 0 0 0 0 0 0 0 0 0 0 0 0 0 0 0 0 0 0 1 0 2 1 1
 1 0 1 2 0 1 2]
Cluster 4: [0 0 0 0 1 0 0 0 0 0 0 1 0 0 0 0 0 0 1 1 0 1 1 1 1 1 1 0 0 0 1 3 1 1 1 0 0
 1 1 1 1 2 0 0]
Cluster 5: [0 0 0 0 0 0 0 0 0 0 0 0 0 0 0 0 0 1 0 0 0 1 1 1 2 0 0 0 2 1 0 0 0 0 0 0 0
 0 0 0 0 0 0 0]
