Cluster 1: [0 0 1 1 0 0 0 0 0 1 0 0 0 0 0 0 0 0 1 0 0 0 0 0 0 0 0 0 0 0 0 0 0 0 0 0 0
 0 0 0 0 0 0 0]
Cluster 2: [ 0  0  0  0  0  0  0  0  0  0  0  0  0  0  0  0  0  0  0  0  0  0  0  0
  0  0  1  1  0  0  6  2  9  3  4  5  4  5 21  0  3  1  1  2]
Cluster 3: [0 0 0 0 0 0 0 0 0 0 0 0 0 0 0 0 0 0 0 0 0 0 0 0 0 0 0 0 0 0 0 0 0 0 0 0 0
 0 0 0 0 0 0 0]
Cluster 4: [0 2 0 0 0 0 1 0 0 1 0 1 0 0 0 3 2 0 1 0 0 1 0 0 0 0 1 3 0 0 0 0 0 0 2 0 0
 0 0 0 0 0 0 0]
Cluster 5: [0 0 0 0 0 0 0 0 0 0 0 0 0 0 0 0 0 0 0 0 0 0 2 0 0 0 2 0 3 0 2 0 0 0 0 0 0
 0 1 0 0 0 0 0]
