Cluster 1: [  0   0   0   0   0   0   0   0   0   0   0   0   0   0   0   0   0   0
   0   0   0   0   0   2   2   1   3   4   6  13 103   8   4   1   1   0
   1   1   0   0   1   2   2   3]
Cluster 2: [0 0 0 1 0 0 0 1 0 0 0 0 0 0 0 0 0 0 0 0 1 0 0 0 0 0 0 0 1 0 0 0 0 0 0 0 0
 0 0 0 0 0 0 0]
Cluster 3: [0 0 0 0 0 0 0 0 0 0 0 0 0 0 0 0 0 0 0 0 0 0 0 0 0 0 0 0 0 0 0 0 0 0 0 0 0
 1 1 1 2 3 0 0]
Cluster 4: [0 0 1 0 1 0 0 0 0 0 0 0 0 0 1 0 2 0 0 0 0 1 1 1 1 0 0 0 1 1 3 1 1 1 2 2 0
 2 1 1 1 0 1 0]
Cluster 5: [0 0 0 0 0 0 0 0 0 0 0 0 0 0 0 0 0 0 0 0 0 0 0 0 0 0 0 0 0 0 0 9 1 2 1 0 1
 0 0 0 0 0 0 0]
