Cluster 1: [0 0 0 0 1 0 1 0 0 0 0 0 0 1 0 0 0 0 0 1 1 0 0 0 0 0 0 0 0 0 0 0 0 0 0 0 0
 1 0 0 0 0 0 0]
Cluster 2: [ 0  0  0  0  0  0  0  0  0  0  0  0  0  0  0  0  0  0  0  0  0  0  0  0
  0  0  0  1  1  0  3  2  5  2  8  4  4 24  4  7  3  2  0  1]
Cluster 3: [0 0 0 0 0 0 0 0 0 0 0 0 0 0 0 0 0 0 0 0 0 0 0 0 0 0 0 0 0 0 0 0 2 0 0 0 0
 0 0 0 2 1 0 0]
Cluster 4: [1 0 0 0 0 0 0 0 0 0 0 1 2 1 0 1 1 0 4 0 1 0 0 0 1 0 1 1 2 0 0 1 1 0 0 2 1
 0 1 0 0 0 0 0]
Cluster 5: [0 0 0 0 0 0 0 0 0 0 0 0 0 0 0 0 0 0 0 0 0 0 0 2 0 2 0 1 3 2 0 0 0 0 0 0 0
 0 0 0 0 0 0 0]
