Cluster 1: [0 0 0 0 0 0 0 0 0 0 1 0 0 0 0 3 0 1 1 2 1 0 1 0 0 1 0 0 0 0 0 0 0 0 0 0 0
 0 1 0 0 0 0 0]
Cluster 2: [0 0 0 0 0 0 0 0 0 0 0 0 0 0 0 0 0 0 0 0 1 0 0 0 0 0 0 1 1 0 1 0 0 0 1 0 0
 0 0 0 0 0 0 0]
Cluster 3: [0 0 0 0 0 0 0 0 0 0 0 0 0 0 0 0 0 0 0 0 0 0 0 0 0 0 0 0 0 0 0 0 0 0 0 0 1
 0 0 0 0 2 2 1]
Cluster 4: [0 0 0 0 0 1 0 0 0 0 0 1 0 1 1 0 0 2 0 0 1 1 2 1 0 0 1 1 0 0 0 0 0 0 0 1 1
 0 1 1 0 1 0 1]
Cluster 5: [0 0 0 0 0 0 0 0 0 0 0 0 0 0 0 0 0 0 0 0 0 0 0 0 0 0 0 0 0 0 0 1 8 1 0 0 2
 0 0 0 0 0 3 3]
