Cluster 1: [ 0  0  0  0  0  0  0  0  0  0  0  0  0  0  1  0  3  2  4  4 23 14 13  1
  1  0  0  0  1  0  1  1  0  1  0  0  1  1  1  1  0  0  2  1]
Cluster 2: [ 0  0  0  0  0  0  0  0  0  0  0  0  0  0  0  0  0  0  0  0  0  0  0  0
  0  2  1  7 14  6 13  1  0  0  1  1  0  1  0  1  0  2  3  1]
Cluster 3: [0 0 0 0 0 0 0 0 0 0 0 0 0 0 0 0 0 0 0 0 0 0 0 0 0 0 0 0 0 0 0 0 0 0 0 1 0
 2 1 3 2 3 4 2]
Cluster 4: [0 0 0 0 0 1 0 1 0 0 0 0 1 1 0 0 1 0 1 1 0 0 1 0 1 0 2 0 1 0 2 0 0 1 0 0 1
 1 0 1 2 2 1 3]
Cluster 5: [ 0  0  0  0  0  0  0  0  0  0  0  0  0  0  0  0  0  0  0  0  0  0  0  0
  0  0  0  0  0  0  0  0  0  0  0  0  0  2 12  0  0  2  1  2]
