Cluster 1: [ 0  0  0  0  0  0  0  0  0  0  0  0  1  0  2  2  3  1  2  4  6  4 26  2
  0  1  0  0  1  1  0  0  0  0  0  0  0  1  0  0  0  0  0  1]
Cluster 2: [ 0  0  0  0  0  0  0  0  0  0  0  0  0  0  0  0  0  0  0  0  0  0  0  1
  2  4  1  2  2  8 21  6  2  1  1  0  1  0  0  0  0  1  6  2]
Cluster 3: [0 0 0 0 0 0 0 0 0 0 0 0 0 0 0 0 0 0 0 0 0 0 0 0 0 0 0 0 0 0 0 0 0 0 1 0 0
 0 2 0 0 2 0 2]
Cluster 4: [0 0 1 1 1 0 0 0 1 0 1 0 0 0 0 0 0 0 0 1 1 0 0 0 0 0 2 1 0 1 1 0 0 0 2 0 1
 0 0 1 1 1 0 0]
Cluster 5: [0 0 0 0 0 0 0 0 0 0 0 0 0 0 0 0 0 0 0 0 0 0 0 0 0 0 0 0 0 0 0 0 0 0 0 0 0
 0 0 0 0 0 0 0]
