Cluster 1: [ 0  0  0  0  0  0  0  0  0  0  0  0  0  0  0  0  0  0  0  0  1  1  1  0
  2  6  4 13 97  7  5  5  2  0  0  1  3  2  0  1  0  0  2  2]
Cluster 2: [0 0 0 0 0 0 0 0 0 2 0 0 0 0 0 0 0 0 0 0 0 0 0 0 0 0 0 0 0 1 0 1 1 1 0 0 0
 0 1 0 0 0 0 0]
Cluster 3: [5 0 0 0 0 0 0 0 0 0 0 0 0 0 0 0 0 0 0 0 0 0 0 0 0 0 0 0 0 0 0 0 0 0 1 1 0
 0 0 0 0 1 1 0]
Cluster 4: [1 0 0 0 0 0 0 0 0 0 0 0 0 1 0 1 1 1 0 1 1 0 2 0 0 0 2 1 1 1 0 0 1 1 1 0 0
 0 0 1 2 0 0 0]
Cluster 5: [0 0 0 0 0 0 0 0 0 0 0 0 0 0 0 0 0 0 0 0 0 0 0 0 0 0 0 0 0 1 0 0 0 0 0 0 0
 0 0 0 0 0 0 0]
