Cluster 1: [ 0  0  0  0  0  0  0  0  0  0  0  0  0  0  0  0  0  0  0  1  0  0  0  2
  3  1  2  3  7 10 11 98  6  1  1  2  1  0  1  1  1  1  0  2]
Cluster 2: [0 0 0 0 0 0 0 0 0 0 1 0 0 0 1 0 0 0 0 0 0 0 0 0 0 0 0 0 0 0 0 0 0 0 0 0 0
 0 0 0 0 0 0 0]
Cluster 3: [0 0 0 0 0 0 0 0 0 0 0 0 0 0 0 0 0 0 0 0 0 0 0 0 0 0 0 0 0 0 0 0 0 0 0 0 0
 0 0 1 1 1 2 1]
Cluster 4: [0 0 0 0 0 0 0 0 0 0 1 0 0 0 0 0 0 2 0 0 1 0 1 3 0 0 0 0 0 1 1 1 2 3 0 1 0
 1 0 1 2 1 1 1]
Cluster 5: [0 0 0 0 0 0 0 0 0 0 0 0 0 0 0 0 0 0 0 0 0 0 0 0 0 0 0 0 0 0 0 0 0 0 0 0 0
 0 0 0 0 0 0 0]
