Cluster 1: [0 0 0 0 0 0 0 1 1 0 0 0 0 0 1 0 0 1 0 0 0 0 1 0 0 0 0 1 0 0 0 0 0 0 0 0 0
 0 0 0 1 0 0 0]
Cluster 2: [ 0  0  0  0  0  0  0  0  0  0  0  0  0  0  0  0  0  0  0  0  1  0  0  0
  1  0  0  0  0  1  1 21  5  1  6  3  2  2  2  4  9  2  6  3]
Cluster 3: [0 0 0 0 0 0 0 0 0 0 0 0 0 0 0 0 0 0 0 0 0 0 0 0 0 0 0 0 0 0 0 0 0 0 0 0 0
 1 0 2 0 0 1 0]
Cluster 4: [0 3 0 0 0 1 1 1 1 1 1 0 0 0 0 0 0 0 0 2 1 1 1 0 0 0 0 0 0 0 0 0 0 0 0 0 0
 0 0 0 0 1 0 0]
Cluster 5: [0 0 0 0 0 0 0 0 0 0 0 0 0 0 0 0 0 0 0 0 0 0 0 0 0 0 0 0 1 0 0 1 2 9 1 0 0
 0 0 0 0 0 0 0]
