Cluster 1: [0 0 0 0 0 0 0 0 0 0 0 1 0 0 0 1 0 0 1 0 2 0 0 0 0 0 0 0 0 0 0 0 0 0 0 0 0
 3 0 1 0 0 0 0]
Cluster 2: [ 0  0  0  0  0  0  0  0  0  0  0  0  0  0  0  0  0  0  0  0  0  0  0  0
  0  0  2  1  0  0  1  8  1  1  0  1  2  0  1  2  9 26 12  5]
Cluster 3: [0 0 0 0 0 0 0 0 0 0 0 0 0 0 0 0 0 0 0 0 0 0 0 0 0 0 0 0 0 1 0 0 0 0 0 1 1
 0 2 0 0 1 0 1]
Cluster 4: [1 0 0 1 0 0 1 0 0 0 1 0 1 1 1 0 0 1 0 0 0 0 0 3 1 1 0 0 0 1 1 0 0 0 1 2 2
 0 0 0 3 1 2 0]
Cluster 5: [0 0 0 0 0 0 0 0 0 0 0 0 0 0 0 0 0 0 0 1 0 0 0 0 0 0 0 0 0 0 0 0 0 1 0 0 0
 0 0 0 0 0 0 0]
