Cluster 1: [ 0  0  0  0  0  0  0  0  0  0  0  0  0  0  0  0  0  0  0  0  0  0  0  0
  7  2 14 99  6  4  0  1  3  2  1  2  1  2  1  2  0  3  3  2]
Cluster 2: [0 0 0 0 0 0 0 0 1 0 0 0 0 0 0 0 0 0 0 0 0 0 0 1 0 0 0 0 0 0 0 0 0 0 0 0 0
 0 0 0 0 0 0 0]
Cluster 3: [0 0 0 0 0 0 0 0 0 0 0 0 0 0 0 0 0 0 0 0 0 0 0 0 0 0 0 0 0 0 0 0 0 0 1 0 0
 0 0 0 1 1 0 0]
Cluster 4: [0 0 0 0 0 1 0 0 1 0 0 0 0 0 2 2 0 0 0 1 0 2 1 0 0 2 1 1 0 2 1 2 0 1 0 0 1
 0 0 0 0 0 0 0]
Cluster 5: [0 0 0 0 0 0 0 0 0 0 0 0 0 0 0 0 0 0 0 0 0 1 1 1 0 2 0 2 0 1 2 0 0 0 0 0 0
 0 0 0 1 0 0 0]
