Cluster 1: [  0   0   0   0   0   0   0   0   0   0   0   0   0   0   0   0   0   0
   0   0   0   1   3   2  13 105   7   7   1   1   1   2   0   2   0   4
   0   0   1   1   1   0   1   0]
Cluster 2: [0 0 0 0 0 1 0 0 0 0 0 1 0 0 0 0 0 0 0 0 0 0 0 0 0 0 0 0 0 0 0 0 0 0 0 0 0
 0 0 0 0 0 0 0]
Cluster 3: [0 0 0 0 0 0 0 0 0 0 0 0 0 0 0 0 0 0 0 0 0 0 0 0 0 0 0 0 0 0 0 0 0 1 0 0 1
 0 0 0 0 1 0 0]
Cluster 4: [1 0 0 0 0 1 0 0 0 0 0 0 0 1 0 2 2 1 0 1 1 0 1 1 2 0 0 1 0 2 0 0 1 1 1 0 0
 0 0 0 0 0 0 0]
Cluster 5: [0 0 0 0 0 0 0 0 0 0 0 0 0 0 0 0 0 0 0 0 0 0 0 0 0 0 0 0 0 0 0 0 0 0 0 0 0
 0 0 0 0 0 0 0]
