Cluster 1: [0 0 0 0 0 0 0 0 0 0 0 0 0 0 0 0 2 2 0 0 0 3 2 2 0 0 0 0 0 1 0 0 1 0 0 1 0
 0 0 1 1 1 1 0]
Cluster 2: [ 0  0  0  0  0  0  0  0  0  0  0  0  0  0  0  0  0  0  0  0  0  0  0  0
  0  0  0  0  0  0  0  0  0  1  0  0  1  0  1  3  2 15 26 23]
Cluster 3: [ 0  0  0  0  0  0  0  0  0  0  0  0  0  0  0  0  0  0  0  0  0  0  0  0
  0  0  0  0  0  0  0  0  0  0  0  1  1  1  0  0  1  2  4 11]
Cluster 4: [0 0 0 0 0 0 0 0 0 0 0 0 1 0 0 0 0 0 1 1 0 0 2 1 0 0 0 0 1 1 0 0 2 1 1 0 1
 0 1 1 2 1 1 5]
Cluster 5: [ 0  0  0  0  0  0  0  0  0  0  0  0  0  0  0  0  0  0  0  0  0  0  0  0
  0  0  0  0  0  0  0  0  1  1  0  2  1 12  0  1  0  0  0  0]
