Cluster 1: [0 1 0 0 0 0 0 0 0 0 0 0 0 2 0 0 5 4 1 2 2 3 3 1 0 0 0 1 1 0 0 1 0 1 0 0 0
 0 0 0 0 0 0 0]
Cluster 2: [0 0 0 0 0 0 0 0 0 0 0 0 0 0 0 0 0 0 0 1 0 0 1 1 2 0 0 0 0 2 0 0 1 0 1 0 0
 0 0 0 0 0 0 0]
Cluster 3: [0 0 0 0 0 0 0 0 0 0 0 0 0 0 0 0 0 0 0 0 0 0 0 0 0 0 0 0 0 0 0 0 0 0 0 0 0
 1 0 2 0 1 0 0]
Cluster 4: [0 0 0 1 0 1 0 1 3 1 2 0 0 0 0 0 0 1 0 1 0 0 0 0 0 1 0 0 1 0 0 1 0 1 0 0 2
 1 0 0 0 0 0 0]
Cluster 5: [0 0 0 0 0 0 0 0 0 0 0 0 0 0 0 0 0 0 0 0 0 0 0 0 0 0 0 0 0 0 0 0 0 0 0 0 0
 0 0 0 0 0 0 0]
