Cluster 1: [ 0  0  0  0  0  0  0  0  0  0  0  0  0  0  0  0  0  0  0  0  0  0  0  0
  1  0  0  0  2  0  2  6  5 11 96  8  3  5  5  4  4  1  4  1]
Cluster 2: [0 0 0 0 1 0 0 0 0 0 0 0 1 0 0 0 0 0 0 0 0 0 0 0 0 0 0 0 0 0 0 1 0 0 0 0 0
 0 0 0 0 0 0 0]
Cluster 3: [0 0 0 0 0 0 0 0 0 0 0 0 0 0 0 0 0 0 0 0 0 0 0 0 0 0 0 0 0 0 0 0 0 1 0 1 0
 0 0 3 1 0 3 2]
Cluster 4: [0 0 1 0 0 0 0 0 0 0 0 0 0 1 0 0 0 0 0 2 0 0 1 1 1 1 0 1 1 0 0 0 3 1 0 0 0
 0 2 1 1 0 3 1]
Cluster 5: [0 0 0 0 0 0 0 0 0 0 0 0 0 0 0 0 0 0 0 0 0 0 0 0 0 0 0 0 0 0 0 2 1 1 8 0 1
 0 0 0 0 0 0 0]
