[-3.59910472e-02  1.67854137e-01  5.06865230e-02  8.19787582e-03
  2.68133809e-01  2.27997976e-01  7.91436402e-02  3.85546036e-01
 -5.98827154e-03 -7.18195200e-02  2.01980536e-01  2.32059015e-01
 -1.67628214e-01  5.55627606e-03 -4.64190468e-02 -2.64010542e-01
 -1.54214337e-01 -2.22045097e-02  2.14491110e-01  1.90704652e-02
 -2.41909887e-01 -1.65004359e-01 -1.48545224e-01 -1.16650401e-01
  1.35754377e-01 -1.47194729e-04 -1.16823072e-01 -3.78060165e-02
  9.16828837e-02 -9.76102782e-02 -1.88974163e-03  2.05183014e-02
  3.71098738e-02 -9.72972384e-02 -2.99588615e-02  4.94977058e-02
  1.20375618e-01 -4.55621000e-02 -6.53367352e-02 -4.06346372e-01
 -6.24620894e-02  7.13011173e-02 -9.32912247e-02  1.65877521e-01]