LU: [ 0  0  0  0  0  0  0  0  0  0  0  0  0  0  0  0  0  0  0  0  0  0  0  1
  0  1  0  0  0  0  1  0  3  1  3  8 50  3  2  4  1  4  0  1]
Momentum: [0 0 0 0 0 1 0 0 0 0 0 0 0 0 0 0 0 1 0 0 0 0 0 0 0 0 0 0 0 0 0 0 0 0 0 0 0
 0 0 0 0 0 0 0]
Unaligned (big names): [0 0 0 0 0 0 0 0 0 0 0 0 0 0 0 0 0 0 0 0 0 0 0 0 0 0 0 0 0 0 0 0 0 0 2 0 1
 0 0 2 1 2 2 1]
LU Plus: [ 0  0  0  0  0  0  0  0  0  0  0  0  0  0  0  0  0  0  0  0  0  0  0  0
  0  0  0  0  0  0  0  3  3  2  6  6 44  5  3  2  0  1  2  0]
Unaligned (random): [0 0 1 0 0 0 0 1 0 1 0 0 0 0 0 0 0 1 0 0 2 1 0 1 1 0 0 1 0 0 1 1 0 0 2 2 2
 1 0 0 0 0 1 2]
B&R + SA: [ 0  0  0  0  0  0  0  0  0  0  0  0  0  0  0  0  0  0  0  0  0  0  0  0
  0  0  1  0  0  0  0  0  0  1  1  1 10  0  0  0  0  0  0  0]
