LU minus B&R: [0 0 0 0 0 0 0 0 0 0 0 0 0 0 0 0 0 0 0 0 1 0 2 0 0 0 0 0 0 0 0 0 0 0 0 0 0
 0 0 0 0 0 0 0]
Momentum: [0 0 0 0 1 0 0 0 0 0 0 0 0 0 0 0 0 0 0 0 0 0 0 0 4 1 3 6 2 0 1 1 0 1 0 0 0
 0 3 0 0 0 1 1]
Name Recognition?: [0 0 0 0 0 0 0 0 0 0 0 0 0 0 0 0 0 0 0 0 0 0 0 0 0 0 0 0 0 0 1 0 0 0 0 0 0
 0 1 2 1 0 1 0]
LU: [ 0  0  0  0  0  0  0  0  0  0  0  0  1  0  0  2  0  1  3  3  5 32 16  4
  1  0  1  0  0  0  0  0  0  0  0  0  0  0  0  0  0  0  1  0]
Unaligned: [0 0 0 0 0 0 0 0 0 0 0 0 0 0 0 0 0 1 0 0 0 0 0 1 1 1 0 1 1 1 0 2 1 1 0 0 1
 4 1 1 1 1 2 0]
B&R + SA: [ 0  0  0  0  0  0  0  0  0  0  0  0  0  0  0  0  0  0  0  0  0  0  0  0
  0  0  0  0  0  0  0  0  0  0  0  1  0  1  2  0 11  4  0  0]
