LU minus B&R: [ 0  0  0  0  0  0  0  0  0  0  0  0  0  0  0  0  0  0  0  0  0  0  0  1
  1  1  0  0  2  0  0  1  0  2  2  5  3  6 48  2  3  3  1  1]
Momentum: [0 1 0 0 0 0 0 0 0 0 0 0 0 0 0 0 1 0 0 0 0 0 0 0 0 0 0 0 0 0 0 0 0 0 0 0 0
 0 0 0 0 0 0 0]
Name Recognition?: [0 0 0 0 0 0 0 0 0 0 0 0 0 0 0 0 0 0 0 0 0 0 0 0 0 0 0 0 0 0 0 0 0 1 1 0 2
 2 1 0 0 3 1 0]
LU: [ 0  0  0  0  0  0  0  0  0  0  0  0  0  1  0  0  0  0  0  1  0  0  0  0
  2  1  1  1  1  0  2  2  1  1  2  4  4  4 43  1  1  0  1  2]
Unaligned: [0 0 0 0 0 0 1 0 0 0 0 3 1 0 0 0 0 1 0 0 1 0 0 0 2 1 0 2 1 0 0 1 0 0 0 0 0
 1 0 2 1 0 0 3]
B&R + SA: [0 0 0 0 0 0 0 0 0 0 0 0 0 0 0 0 0 0 0 0 0 0 0 0 0 0 0 0 0 1 0 0 0 0 0 0 0
 0 0 0 0 0 0 0]
