LU: [0 0 0 0 0 0 0 0 0 0 0 0 0 0 0 0 0 0 0 0 0 1 0 0 0 0 0 0 0 0 0 0 0 0 0 0 0
 0 0 0 0 0 0 0]
Momentum: [ 0  0  0  0  0  0  0  0  0  0  0  0  0  0  0  0  0  0  0  0  0  0  0  0
  0  1  3  6 13 18  2  1  1  0  2  0  1  1  2  1  0  3  0  0]
Unaligned (big names): [0 0 0 0 0 0 0 0 0 0 0 0 0 0 0 0 0 0 0 0 0 0 0 0 0 0 0 0 0 0 0 0 1 0 0 0 0
 0 2 1 2 1 1 2]
LU Plus: [ 0  0  0  0  0  0  0  0  1  0  0  0  0  0  1  2  3  0  5 27 12 11  2  1
  0  0  0  0  0  1  0  0  0  0  0  0  0  0  0  0  1  0  0  0]
Unaligned (random): [0 0 0 1 0 0 0 0 1 1 0 0 0 1 0 0 0 0 0 0 0 0 0 0 1 0 0 0 0 0 1 0 0 2 0 1 1
 0 1 1 1 3 2 1]
B&R + SA: [ 0  0  0  0  0  0  0  0  0  0  0  0  0  0  0  0  0  0  0  0  0  0  0  0
  0  0  0  0  0  0  0  0  0  0  0  0  0  0  0 11  2  3  3  0]
