LU minus B&R: [ 0  0  0  0  0  0  0  0  0  0  0  0  0  0  0  0  0  0  0  0  0  0  0  2
 50  5  4  1  1  0  0  2  1  1  2  1  2  0  0  1  3  2  1  2]
Momentum: [0 0 0 0 0 0 0 0 0 0 0 0 0 0 0 0 1 0 0 0 0 1 0 0 0 0 0 0 0 0 1 0 0 0 0 0 0
 0 0 0 0 0 0 0]
Name Recognition?: [0 0 0 0 0 0 0 0 0 0 0 0 0 0 0 0 0 0 0 0 0 0 0 0 0 0 0 0 0 0 0 0 0 0 0 1 1
 1 0 0 1 2 0 1]
LU: [ 0  0  0  0  0  0  0  0  0  0  0  0  0  0  0  0  0  0  0  0  0  2  2  4
 50  3  1  0  0  0  1  0  0  1  2  0  0  0  3  1  2  2  2  1]
Unaligned: [0 0 0 0 0 0 0 0 0 0 0 0 0 0 0 0 1 0 0 1 0 2 2 0 0 1 0 2 1 2 0 0 2 1 0 1 0
 0 2 1 0 0 1 1]
B&R + SA: [0 0 0 0 0 0 0 0 0 0 0 0 0 0 0 0 0 0 0 0 0 2 1 1 0 1 1 0 1 1 0 0 0 0 0 0 0
 0 0 0 0 1 0 0]
