LU minus B&R: [0 0 0 0 0 0 0 0 0 0 0 0 0 0 0 0 0 0 0 0 0 0 0 0 0 0 0 0 0 0 0 0 0 0 0 0 0
 0 0 0 0 0 0 0]
Momentum: [ 0  0  0  0  0  0  0  0  0  0  0  0  0  0  0  0  0  0  0  0  0  0  0  0
  2  5  4 15  8  6  4  0  2  0  0  0  1  0  0  2  0  0  0  1]
Name Recognition?: [0 0 0 0 0 0 0 0 0 0 0 0 0 0 0 0 0 0 0 0 0 0 0 0 0 0 0 0 0 0 0 0 0 0 0 0 0
 0 0 0 0 0 1 1]
LU: [0 0 0 0 1 0 1 0 0 0 0 1 1 1 1 0 4 3 4 5 4 2 1 0 0 0 0 0 0 0 0 0 0 0 0 0 0
 0 0 0 0 0 0 0]
Unaligned: [0 0 1 0 0 1 0 0 0 0 0 2 0 1 1 0 0 1 0 0 1 1 0 0 0 0 0 0 1 0 1 0 0 0 1 0 4
 1 0 2 1 0 0 0]
B&R + SA: [ 0  0  0  0  0  0  0  0  0  0  0  0  0  0  0  0  0  0  0  0  0  0  0  0
  0  0  0  0  0  0  0  0  0  0  0  0  0  1  1  4  2  1 10  1]
