LU minus B&R: [0 0 0 0 0 0 0 0 0 0 0 0 0 0 0 0 0 0 0 0 0 0 0 0 0 0 0 0 0 0 0 0 0 0 0 0 0
 0 0 0 0 0 0 0]
Momentum: [ 0  0  0  0  0  0  0  0  0  0  0  0  0  0  0  0  0  0  0  0  0  0  0  0
  0  0  1  1  0  0  6  2  9  3  4  5  4  5 21  0  3  1  1  2]
Name Recognition?: [0 0 0 0 0 0 0 0 0 0 0 0 0 0 0 0 0 0 0 0 0 0 0 0 0 0 0 0 0 0 0 0 0 0 0 0 0
 0 0 0 0 0 0 0]
LU: [0 0 1 1 0 0 1 0 0 1 0 0 0 0 0 1 1 0 1 0 0 0 0 0 0 0 0 0 0 0 0 0 0 0 0 0 0
 0 0 0 0 0 0 0]
Unaligned: [0 2 0 0 0 0 0 0 0 1 0 1 0 0 0 2 1 0 1 0 0 1 0 0 0 0 1 3 0 0 0 0 0 0 2 0 0
 0 0 0 0 0 0 0]
B&R + SA: [0 0 0 0 0 0 0 0 0 0 0 0 0 0 0 0 0 0 0 0 0 0 2 0 0 0 2 0 3 0 2 0 0 0 0 0 0
 0 1 0 0 0 0 0]
