LU minus B&R: [0 0 0 0 0 0 0 0 0 0 0 0 0 0 0 0 0 0 0 0 0 0 1 0 0 0 0 0 0 0 0 0 0 0 0 0 0
 0 0 0 0 0 0 0]
Momentum: [0 1 0 0 0 0 0 0 0 0 0 0 0 0 0 0 0 0 0 0 0 1 0 2 5 2 0 0 0 5 1 1 0 1 0 0 1
 0 0 0 2 0 0 0]
Name Recognition?: [0 0 0 0 0 0 0 0 0 0 0 0 0 0 0 0 0 0 0 0 0 0 0 0 0 0 0 0 0 0 0 0 0 0 0 0 0
 1 0 0 0 0 0 0]
LU: [ 0  1  0  0  0  0  0  1  0  0  1  0  0  0  2  3  1  5 27 12  6  0  2  0
  0  0  0  0  0  0  0  0  0  0  0  0  0  0  0  0  0  0  0  0]
Unaligned: [2 0 2 0 1 0 2 1 0 0 1 0 0 0 0 0 0 0 0 0 0 0 0 0 0 0 0 1 1 0 0 0 0 0 0 1 0
 0 1 0 0 1 0 0]
B&R + SA: [0 0 0 0 0 0 0 0 0 0 0 0 0 0 0 0 0 0 0 0 0 0 0 0 0 0 0 0 0 0 0 0 0 0 0 1 0
 0 2 1 3 9 0 1]
