LU: [0 0 0 0 0 0 0 0 0 0 0 0 0 0 0 0 0 0 0 0 0 0 0 0 0 0 0 0 0 0 0 0 0 0 0 0 0
 1 0 0 0 0 0 0]
Momentum: [ 0  0  0  0  0  0  0  0  0  0  0  0  0  0  0  0  0  0  0  0  0  0  0  0
  0  0  0  1  1  0  3  2  5  2  8  4  4 24  4  7  3  2  0  1]
Unaligned (big names): [0 0 0 0 0 0 0 0 0 0 0 0 0 0 0 0 0 0 0 0 0 0 0 0 0 0 0 0 0 0 0 0 2 0 0 0 0
 0 0 0 2 1 0 0]
LU Plus: [0 0 0 0 1 0 1 0 0 0 0 1 0 1 0 0 1 0 1 1 1 0 0 0 0 0 0 0 0 0 0 0 0 0 0 0 0
 0 0 0 0 0 0 0]
Unaligned (random): [1 0 0 0 0 0 0 0 0 0 0 0 2 1 0 1 0 0 3 0 1 0 0 0 1 0 1 1 2 0 0 1 1 0 0 2 1
 0 1 0 0 0 0 0]
B&R + SA: [0 0 0 0 0 0 0 0 0 0 0 0 0 0 0 0 0 0 0 0 0 0 0 2 0 2 0 1 3 2 0 0 0 0 0 0 0
 0 0 0 0 0 0 0]
