LU minus B&R: [0 0 0 0 0 0 0 0 0 0 0 0 0 0 0 0 0 0 0 0 1 1 2 0 0 0 0 0 0 0 0 0 0 0 0 0 0
 0 0 0 0 0 0 0]
Momentum: [ 0  0  0  0  0  0  0  0  0  0  0  0  0  0  0  0  0  0  0  0  0  0  0  0
  0  2  1  7 14  6 13  1  0  0  1  1  0  1  0  1  0  2  3  1]
Name Recognition?: [0 0 0 0 0 0 0 0 0 0 0 0 0 0 0 0 0 0 0 0 0 0 0 0 0 0 0 0 0 0 0 0 0 0 0 1 0
 2 1 3 2 3 4 2]
LU: [ 0  0  0  0  0  0  0  0  0  0  0  0  0  1  1  0  3  2  4  5 22 13 11  1
  1  0  0  0  1  0  1  1  0  1  0  0  1  1  1  1  0  0  3  1]
Unaligned: [0 0 0 0 0 1 0 1 0 0 0 0 1 0 0 0 1 0 1 0 0 0 1 0 1 0 2 0 1 0 2 0 0 1 0 0 1
 1 0 1 2 2 0 3]
B&R + SA: [ 0  0  0  0  0  0  0  0  0  0  0  0  0  0  0  0  0  0  0  0  0  0  0  0
  0  0  0  0  0  0  0  0  0  0  0  0  0  2 12  0  0  2  1  2]
