LU: [ 0  0  0  0  0  0  0  0  0  0  0  0  0  0  0  0  0  0  0  0  0  0  0  0
  0  0  2  2  4  5  3 52  4  1  1  1  1  0  1  1  1  0  0  2]
Momentum: [0 0 0 0 0 0 0 0 0 0 1 0 0 0 1 0 0 0 0 0 0 0 0 0 0 0 0 0 0 0 0 0 0 0 0 0 0
 0 0 0 0 0 0 0]
Unaligned (big names): [0 0 0 0 0 0 0 0 0 0 0 0 0 0 0 0 0 0 0 0 0 0 0 0 0 0 0 0 0 0 0 0 0 0 0 0 0
 0 0 1 1 1 2 1]
LU Plus: [ 0  0  0  0  0  0  0  0  0  0  0  0  0  0  0  0  0  0  0  1  0  0  0  2
  3  1  0  1  3  6  8 46  2  0  0  1  0  1  0  0  0  1  1  0]
Unaligned (random): [0 0 0 0 0 0 0 0 0 0 1 0 0 0 0 0 0 2 0 0 1 0 1 3 0 0 0 0 0 0 1 1 2 3 0 1 0
 0 0 1 2 1 0 1]
B&R + SA: [0 0 0 0 0 0 0 0 0 0 0 0 0 0 0 0 0 0 0 0 0 0 0 0 0 0 0 0 0 0 0 0 0 0 0 0 0
 0 0 0 0 0 0 0]
