LU minus B&R: [0 0 0 0 0 0 0 0 0 0 0 0 0 0 0 0 0 0 0 0 0 1 1 0 0 0 0 0 0 1 0 0 0 0 0 0 0
 0 0 0 0 0 0 0]
Momentum: [0 0 0 0 0 0 0 0 1 0 0 0 0 0 0 0 0 0 0 0 0 0 0 0 0 0 0 3 0 1 0 0 0 0 0 1 0
 0 0 0 0 0 0 0]
Name Recognition?: [0 0 0 0 0 0 0 0 0 0 0 0 0 0 0 0 0 0 0 0 0 0 0 0 0 0 0 0 0 0 0 0 0 0 0 0 0
 1 0 0 1 0 2 1]
LU: [1 0 0 0 0 0 0 0 0 0 0 2 1 0 2 1 2 0 1 1 0 1 1 0 0 0 0 1 0 0 0 0 0 0 0 0 1
 0 0 0 0 0 0 0]
Unaligned: [0 0 0 0 2 0 0 0 0 1 0 1 1 1 0 0 0 0 0 1 1 0 0 1 0 1 2 0 0 0 0 2 0 0 1 0 0
 0 0 1 0 0 1 0]
B&R + SA: [ 0  0  0  0  0  0  0  0  0  0  0  0  0  0  0  0  0  0  0  0  0  0  0  0
  0  0  0  0  0  0  0  0  1  0  1 10  1  1  1  0  0  0  2  2]
