LU: [ 0  0  0  0  0  0  0  0  0  0  0  0  0  0  0  0  0  0  0  0  0  0  0  0
  2  0  7 50  4  4  0  0  3  1  1  1  1  1  1  2  0  2  1  0]
Momentum: [0 0 0 0 0 0 0 0 1 0 0 0 0 0 0 0 0 0 0 0 0 0 0 1 0 0 0 0 0 0 0 0 0 0 0 0 0
 0 0 0 0 0 0 0]
Unaligned (big names): [0 0 0 0 0 0 0 0 0 0 0 0 0 0 0 0 0 0 0 0 0 0 0 0 0 0 0 0 0 0 0 0 0 0 1 0 0
 0 0 0 1 1 0 0]
LU Plus: [ 0  0  0  0  0  0  0  0  0  0  0  0  0  0  0  0  0  0  0  0  0  0  0  0
  5  3  7 49  2  0  0  2  0  1  0  1  1  1  0  0  0  1  2  2]
Unaligned (random): [0 0 0 0 0 1 0 0 1 0 0 0 0 0 2 2 0 0 0 1 0 2 1 0 0 1 1 1 0 2 1 1 0 1 0 0 0
 0 0 0 0 0 0 0]
B&R + SA: [0 0 0 0 0 0 0 0 0 0 0 0 0 0 0 0 0 0 0 0 0 1 1 1 0 2 0 2 0 1 2 0 0 0 0 0 0
 0 0 0 1 0 0 0]
