LU minus B&R: [ 0  0  0  0  0  0  0  0  0  0  0  0  0  0  0  0  0  0  0  0  0  0  0  2
  6 54  5  6  0  0  1  1  0  1  0  2  0  0  1  1  0  0  1  0]
Momentum: [0 0 0 0 0 1 0 0 0 0 0 1 0 0 0 0 0 0 0 0 0 0 0 0 0 0 0 0 0 0 0 0 0 0 0 0 0
 0 0 0 0 0 0 0]
Name Recognition?: [0 0 0 0 0 0 0 0 0 0 0 0 0 0 0 0 0 0 0 0 0 0 0 0 0 0 0 0 0 0 0 0 0 1 0 0 1
 0 0 0 0 1 0 0]
LU: [ 0  0  0  0  0  0  0  0  0  0  0  0  0  0  0  0  0  0  0  0  0  1  3  1
  9 51  2  1  1  1  0  1  0  1  0  2  0  0  0  0  1  0  0  0]
Unaligned: [1 0 0 0 0 1 0 0 0 0 0 0 0 1 0 2 2 1 0 1 1 0 1 0 0 0 0 1 0 2 0 0 1 1 1 0 0
 0 0 0 0 0 0 0]
B&R + SA: [0 0 0 0 0 0 0 0 0 0 0 0 0 0 0 0 0 0 0 0 0 0 0 0 0 0 0 0 0 0 0 0 0 0 0 0 0
 0 0 0 0 0 0 0]
