LU: [0 0 0 0 0 0 0 0 0 0 0 0 0 0 0 0 0 0 0 0 0 0 1 1 0 0 0 0 0 0 0 0 0 0 0 1 0
 0 0 0 0 1 1 0]
Momentum: [ 0  0  0  0  0  0  0  0  0  0  0  0  0  0  0  0  0  0  0  0  0  0  0  0
  0  0  0  0  0  0  0  0  0  1  0  0  1  0  1  3  2 15 26 23]
Unaligned (big names): [ 0  0  0  0  0  0  0  0  0  0  0  0  0  0  0  0  0  0  0  0  0  0  0  0
  0  0  0  0  0  0  0  0  0  0  0  1  1  1  0  0  1  2  4 11]
LU Plus: [0 0 0 0 0 0 0 0 0 0 0 0 1 0 0 0 2 2 0 0 0 3 1 1 0 0 0 0 0 1 0 0 1 0 0 0 0
 0 0 2 1 0 0 1]
Unaligned (random): [0 0 0 0 0 0 0 0 0 0 0 0 0 0 0 0 0 0 1 1 0 0 2 1 0 0 0 0 1 1 0 0 2 1 1 0 1
 0 1 0 2 1 1 4]
B&R + SA: [ 0  0  0  0  0  0  0  0  0  0  0  0  0  0  0  0  0  0  0  0  0  0  0  0
  0  0  0  0  0  0  0  0  1  1  0  2  1 12  0  1  0  0  0  0]
