LU: [ 0  0  0  0  0  0  0  0  0  0  0  0  0  0  0  0  0  0  0  0  0  0  2 55
  6  5  2  1  0  1  1  0  1  2  1  0  0  0  1  0  0  1  0  0]
Momentum: [0 0 0 0 0 0 0 0 0 0 0 1 0 0 0 0 0 0 0 0 0 0 0 0 0 0 1 0 0 0 0 0 0 0 0 0 0
 0 0 0 0 0 0 0]
Unaligned (big names): [0 0 0 0 0 0 0 0 0 0 0 0 0 0 0 0 0 0 0 0 0 0 0 0 0 0 0 0 0 0 0 0 0 0 0 0 0
 1 0 1 0 0 0 0]
LU Plus: [ 0  0  0  0  0  0  0  0  0  0  0  0  0  0  0  0  0  0  0  0  2  3  4 53
  3  1  0  1  0  0  1  2  1  0  0  0  0  0  0  0  1  0  0  2]
Unaligned (random): [0 0 0 0 0 0 0 0 0 0 0 0 1 0 0 2 0 0 2 0 0 1 1 0 1 1 1 0 0 1 2 2 1 1 1 0 0
 0 0 0 0 0 0 0]
B&R + SA: [0 0 0 0 0 0 0 0 0 0 0 0 0 0 0 0 0 0 0 0 0 0 0 0 0 0 0 0 0 0 0 0 0 0 0 0 0
 0 0 0 0 0 0 0]
