LU minus B&R: [ 0  0  0  0  0  0  0  0  0  0  0  0  0  0  0  0  0  0  0  0  0  0  0  1
  2  6 53  6  7  3  0  1  0  0  0  0  1  1  0  0  0  0  0  0]
Momentum: [0 0 0 0 0 0 0 1 0 0 0 0 0 0 0 0 0 1 0 0 0 0 0 0 0 0 0 0 0 0 0 0 0 0 0 0 0
 0 0 0 0 0 0 0]
Name Recognition?: [0 0 0 0 0 0 0 0 0 0 0 0 0 0 0 0 0 0 0 0 0 0 0 0 0 0 0 0 0 0 0 0 0 0 0 0 0
 0 0 0 0 0 1 1]
LU: [ 0  0  0  0  0  0  0  0  0  0  0  0  0  0  0  0  0  0  0  0  1  0  1  2
  1  7 49  6  2  1  1  0  2  0  0  1  1  0  0  0  0  0  0  0]
Unaligned: [0 1 0 1 0 0 0 0 0 0 0 0 1 0 0 0 1 0 2 0 1 0 0 0 1 0 0 1 2 0 0 0 0 0 1 1 0
 2 3 0 1 1 0 0]
B&R + SA: [0 0 0 0 0 0 0 0 0 0 0 0 0 0 0 0 0 0 0 0 0 0 0 0 0 0 0 0 0 0 0 0 0 0 0 0 0
 0 0 0 0 0 0 0]
