LU: [ 0  0  0  0  0  0  0  0  0  0  0  0  0  0  0  0  0  0  0  0  0  0  0  0
  1  0  0  0  2  0  1  3  3  6 51  4  0  2  2  1  3  0  4  0]
Momentum: [0 0 0 0 1 0 0 0 0 0 0 0 1 0 0 0 0 0 0 0 0 0 0 0 0 0 0 0 0 0 0 1 0 0 0 0 0
 0 0 0 0 0 0 0]
Unaligned (big names): [0 0 0 0 0 0 0 0 0 0 0 0 0 0 0 0 0 0 0 0 0 0 0 0 0 0 0 0 0 0 0 0 0 1 0 1 0
 0 0 3 1 0 3 2]
LU Plus: [ 0  0  0  0  0  0  0  0  0  0  0  0  0  0  0  0  0  0  0  0  0  0  0  0
  0  0  0  0  1  0  1  3  4  5 45  4  3  3  3  3  1  1  0  1]
Unaligned (random): [0 0 1 0 0 0 0 0 0 0 0 0 0 1 0 0 0 0 0 2 0 0 1 1 1 1 0 1 0 0 0 0 1 1 0 0 0
 0 2 1 1 0 3 1]
B&R + SA: [0 0 0 0 0 0 0 0 0 0 0 0 0 0 0 0 0 0 0 0 0 0 0 0 0 0 0 0 0 0 0 2 1 1 8 0 1
 0 0 0 0 0 0 0]
