LU minus B&R: [ 0  0  0  0  0  0  0  0  0  0  0  0  0  0  0  0  0  0  0  0  0  0  1  1
  1  0  3  1  6 54  3  3  0  1  1  0  1  0  0  0  1  2  0  0]
Momentum: [0 0 1 0 0 0 0 0 0 0 0 0 0 0 0 0 0 0 0 0 0 0 1 0 0 0 0 0 0 0 0 0 0 0 0 0 0
 0 0 0 0 0 0 0]
Name Recognition?: [0 0 0 0 0 0 0 0 0 0 0 0 0 0 0 0 0 0 0 0 0 0 0 0 0 0 0 0 0 0 0 0 0 0 0 0 0
 0 0 1 0 1 1 1]
LU: [ 0  0  0  0  0  0  0  0  0  0  0  0  0  0  0  0  0  0  0  0  1  0  1  4
  0  0  5  3 10 46  4  1  0  0  0  0  0  1  0  0  0  0  1  1]
Unaligned: [0 0 0 1 0 0 0 0 0 0 1 0 0 1 1 2 0 0 0 1 1 1 0 1 0 1 0 0 0 0 0 0 2 1 1 0 1
 0 2 0 0 1 1 0]
B&R + SA: [0 0 0 0 0 0 0 0 0 0 0 0 0 0 0 0 0 0 0 0 0 0 0 0 0 0 0 0 0 0 0 0 0 0 0 0 0
 0 0 0 0 0 0 0]
