Cluster 1: [ 0  0  0  0  0  0  0  0  0  0  0  0  0  0  0  0  0  0  0  0  0  0  0  1
  1  1  0  0  2  0  0  1  0  2  2  5  3  6 48  2  3  3  1  1]
Cluster 2: [0 0 0 0 0 0 0 0 0 0 0 0 0 0 0 0 0 0 0 0 0 0 0 0 0 0 0 0 0 0 0 0 0 0 0 0 0
 0 0 0 0 0 0 0]
Cluster 3: [0 0 0 0 0 0 0 0 0 0 0 0 0 0 0 0 0 0 0 0 0 0 0 0 0 0 0 0 0 1 0 0 0 0 0 0 0
 0 0 0 0 0 0 0]
Cluster 4: [0 0 0 0 0 0 1 0 0 0 0 3 1 0 0 0 0 1 0 0 1 0 0 0 2 1 0 2 1 0 0 1 0 0 0 0 0
 1 0 1 1 0 0 3]
Cluster 5: [0 0 0 0 0 0 0 0 0 0 0 0 0 0 0 0 0 0 0 0 0 0 0 0 0 0 0 0 0 0 0 0 0 1 1 0 2
 2 1 1 0 3 1 0]
Cluster 6: [0 1 0 0 0 0 0 0 0 0 0 0 0 0 0 0 1 0 0 0 0 0 0 0 0 0 0 0 0 0 0 0 0 0 0 0 0
 0 0 0 0 0 0 0]
Cluster 7: [ 0  0  0  0  0  0  0  0  0  0  0  0  0  1  0  0  0  0  0  1  0  0  0  0
  2  1  1  1  1  0  2  2  1  1  2  4  4  4 43  1  1  0  1  2]
