Cluster 1: [0 0 0 0 0 0 0 0 0 0 0 0 0 0 0 0 0 0 0 0 0 1 0 0 0 0 0 0 0 0 0 0 0 0 0 0 0
 0 0 0 0 0 0 0]
Cluster 2: [ 0  0  0  0  0  0  0  0  0  0  0  0  0  0  0  0  0  0  0  0  0  0  0  0
  0  0  2  4  4 16  0  1  0  0  2  0  1  1  0  0  0  0  0  0]
Cluster 3: [ 0  0  0  0  0  0  0  0  0  0  0  0  0  0  0  0  0  0  0  0  0  0  0  0
  0  0  0  0  0  0  0  0  0  0  0  0  0  0  0 12  2  3  3  0]
Cluster 4: [0 0 0 1 0 0 0 0 1 1 0 0 0 1 0 0 0 0 0 0 0 0 0 0 1 0 0 0 0 0 1 0 0 2 0 1 1
 0 1 1 1 3 2 1]
Cluster 5: [0 0 0 0 0 0 0 0 0 0 0 0 0 0 0 0 0 0 0 0 0 0 0 0 0 0 0 0 0 0 0 0 1 0 0 0 0
 0 2 0 2 1 1 2]
Cluster 6: [0 0 0 0 0 0 0 0 0 0 0 0 0 0 0 0 0 0 0 0 0 0 0 0 0 1 1 2 9 2 2 0 1 0 0 0 0
 0 2 1 0 3 0 0]
Cluster 7: [ 0  0  0  0  0  0  0  0  1  0  0  0  0  0  1  2  3  0  5 27 12 11  2  1
  0  0  0  0  0  1  0  0  0  0  0  0  0  0  0  0  1  0  0  0]
