Cluster 1: [ 0  0  0  0  0  0  0  0  0  0  0  0  0  0  0  0  0  0  0  0  0  0  0  2
  0  1  0  3  4  5 56  5  2  0  0  0  0  1  0  0  0  1  2  1]
Cluster 2: [0 0 0 0 0 0 0 0 0 0 0 0 0 0 0 0 0 0 0 0 0 0 0 0 0 0 0 0 0 0 0 0 0 0 0 0 0
 0 0 0 0 0 0 0]
Cluster 3: [0 0 0 0 0 0 0 0 0 0 0 0 0 0 0 0 0 0 0 0 0 0 0 0 0 0 0 0 0 0 0 9 1 2 1 0 1
 0 1 0 0 0 0 0]
Cluster 4: [0 0 1 0 1 0 0 0 0 0 0 0 0 0 1 0 2 0 0 0 0 1 1 1 1 0 0 0 0 1 3 1 0 1 2 1 0
 2 1 1 1 0 1 0]
Cluster 5: [0 0 0 0 0 0 0 0 0 0 0 0 0 0 0 0 0 0 0 0 0 0 0 0 0 0 0 0 0 0 0 0 0 0 0 0 0
 1 0 1 2 3 0 0]
Cluster 6: [0 0 0 1 0 0 0 1 0 0 0 0 0 0 0 0 0 0 0 0 1 0 0 0 0 0 0 0 1 0 0 0 0 0 0 0 0
 0 0 0 0 0 0 0]
Cluster 7: [ 0  0  0  0  0  0  0  0  0  0  0  0  0  0  0  0  0  0  0  0  0  0  0  0
  2  0  3  1  3  8 47  3  3  1  1  1  1  0  0  0  1  1  0  2]
