Cluster 1: [0 0 0 0 0 0 0 0 0 0 0 0 0 0 0 0 0 0 0 0 1 1 2 0 0 0 0 0 0 0 0 0 0 0 0 0 0
 0 0 0 0 0 0 0]
Cluster 2: [ 0  0  0  0  0  0  0  0  0  0  0  0  0  0  0  0  0  0  0  0  0  0  0  0
  0  0  0  1 13  3 10  0  0  0  0  0  0  1  0  1  0  0  0  0]
Cluster 3: [ 0  0  0  0  0  0  0  0  0  0  0  0  0  0  0  0  0  0  0  0  0  0  0  0
  0  0  0  0  0  0  0  0  0  0  0  0  0  3 12  0  0  2  1  2]
Cluster 4: [0 0 0 0 0 1 0 1 0 0 0 0 1 0 0 0 1 0 1 0 0 0 1 0 1 0 2 0 1 0 2 0 0 1 0 0 1
 1 0 1 2 1 0 3]
Cluster 5: [0 0 0 0 0 0 0 0 0 0 0 0 0 0 0 0 0 0 0 0 0 0 0 0 0 0 0 0 0 0 0 0 0 0 0 1 0
 1 1 3 2 4 4 2]
Cluster 6: [0 0 0 0 0 0 0 0 0 0 0 0 0 0 0 0 0 0 0 0 0 0 0 0 0 2 1 6 1 3 3 1 0 0 1 1 0
 0 0 0 0 2 3 1]
Cluster 7: [ 0  0  0  0  0  0  0  0  0  0  0  0  0  1  1  0  3  2  4  5 22 13 11  1
  1  0  0  0  1  0  1  1  0  1  0  0  1  1  1  1  0  0  3  1]
