Cluster 1: [ 0  0  0  0  0  0  0  0  0  0  0  0  0  0  0  0  0  0  0  0  0  0  0  0
  1  2  2  7 50  3  5  3  1  0  0  1  2  2  0  1  0  0  1  1]
Cluster 2: [0 0 0 0 0 0 0 0 0 0 0 0 0 0 0 0 0 0 0 0 0 0 0 0 0 0 0 0 0 1 0 1 1 1 0 0 0
 0 1 0 0 0 0 0]
Cluster 3: [0 0 0 0 0 0 0 0 0 0 0 0 0 0 0 0 0 0 0 0 0 0 0 0 0 0 0 0 0 1 0 0 0 0 0 0 0
 0 0 0 0 0 0 0]
Cluster 4: [1 0 0 0 0 0 0 0 0 0 0 0 0 1 0 1 1 1 0 1 1 0 1 0 0 0 0 1 1 1 0 0 1 1 1 0 0
 0 0 1 1 0 0 0]
Cluster 5: [5 0 0 0 0 0 0 0 0 0 0 0 0 0 0 0 0 0 0 0 0 0 0 0 0 0 0 0 0 0 0 0 0 0 1 1 0
 0 0 0 1 1 1 0]
Cluster 6: [0 0 0 0 0 0 0 0 0 2 0 0 0 0 0 0 0 0 0 0 0 0 0 0 0 0 0 0 0 0 0 0 0 0 0 0 0
 0 0 0 0 0 0 0]
Cluster 7: [ 0  0  0  0  0  0  0  0  0  0  0  0  0  0  0  0  0  0  0  0  1  1  2  0
  1  4  4  6 47  4  0  2  1  0  0  0  1  0  0  0  0  0  1  1]
