Cluster 1: [ 0  0  0  0  0  0  0  0  0  0  0  0  0  0  0  0  0  0  0  0  0  0  0  0
  2  0  1  1  0  0  1  1  2  3  5 50  7  0  0  1  1  1  2  3]
Cluster 2: [0 0 0 0 0 0 0 0 0 0 0 0 0 0 0 0 0 0 0 0 0 0 0 0 0 0 0 0 0 0 0 0 1 0 0 0 0
 0 0 0 0 0 0 0]
Cluster 3: [0 0 0 0 0 0 0 0 0 0 0 0 0 0 0 0 0 0 0 0 0 0 0 0 0 0 0 0 0 0 0 0 1 0 0 0 0
 0 0 0 0 0 0 0]
Cluster 4: [0 0 0 1 0 1 0 0 0 0 1 0 0 0 1 0 1 0 0 0 0 1 0 0 1 1 0 0 1 1 1 0 2 2 1 1 0
 0 0 1 0 0 0 0]
Cluster 5: [0 0 0 0 0 0 0 0 0 0 0 0 0 0 0 0 0 0 0 0 0 0 0 0 0 0 0 0 0 0 0 0 1 0 0 0 1
 2 1 2 1 0 4 2]
Cluster 6: [0 0 0 0 0 0 1 0 0 0 0 0 0 1 0 0 0 0 0 0 0 1 0 0 0 0 0 0 0 0 0 0 0 0 0 0 0
 0 0 0 0 0 0 0]
Cluster 7: [ 0  0  0  0  0  0  0  0  0  0  0  0  0  0  0  0  0  0  0  0  0  0  0  0
  0  3  0  2  0  0  1  1  1  6  9 45  3  2  2  0  1  1  0  1]
