Cluster 1: [0 0 0 0 0 0 0 0 0 0 0 0 0 0 0 0 0 0 0 0 0 1 1 0 0 0 0 0 0 1 0 0 0 0 0 0 0
 0 0 0 0 0 0 0]
Cluster 2: [0 0 0 0 0 0 0 0 0 0 0 0 0 0 0 0 0 0 0 0 0 0 0 0 0 0 0 0 0 0 0 0 0 0 0 0 0
 0 0 0 0 0 0 0]
Cluster 3: [ 0  0  0  0  0  0  0  0  0  0  0  0  0  0  0  0  0  0  0  0  0  0  0  0
  0  0  0  0  0  0  0  0  1  0  1 10  1  1  1  0  0  0  3  2]
Cluster 4: [0 0 0 0 2 0 0 0 0 1 0 1 1 1 0 0 0 0 0 1 1 0 0 1 0 1 2 0 0 0 0 2 0 0 1 0 0
 0 0 1 0 0 1 0]
Cluster 5: [0 0 0 0 0 0 0 0 0 0 0 0 0 0 0 0 0 0 0 0 0 0 0 0 0 0 0 0 0 0 0 0 0 0 0 0 0
 1 0 0 1 0 1 1]
Cluster 6: [0 0 0 0 0 0 0 0 1 0 0 0 0 0 0 0 0 0 0 0 0 0 0 0 0 0 0 3 0 1 0 0 0 0 0 1 0
 0 0 0 0 0 0 0]
Cluster 7: [1 0 0 0 0 0 0 0 0 0 0 2 1 0 2 1 2 0 1 1 0 1 1 0 0 0 0 1 0 0 0 0 0 0 0 0 1
 0 0 0 0 0 0 0]
