Cluster 1: [ 0  0  0  0  0  0  0  0  0  0  0  0  0  0  0  0  0  0  0  0  0  0  0  0
  1  2  0  0  0  1  0  1  1  2  2  0  0  0  4  4  8  4 51  3]
Cluster 2: [0 0 0 0 0 0 0 0 0 0 0 0 0 0 0 0 0 0 0 0 0 0 0 0 0 0 0 0 0 0 0 0 0 0 0 0 0
 0 0 0 0 0 0 0]
Cluster 3: [0 0 0 0 0 0 0 0 0 0 0 0 0 0 0 0 0 0 0 0 0 0 1 2 1 1 2 1 0 1 1 0 1 0 0 0 0
 0 0 0 0 0 0 0]
Cluster 4: [0 1 0 0 0 0 0 0 1 0 0 1 1 0 0 0 0 0 0 0 1 0 0 2 2 1 0 0 0 1 1 0 1 0 0 2 1
 1 0 2 0 0 0 0]
Cluster 5: [0 0 0 0 0 0 0 0 0 0 0 0 0 0 0 0 0 0 0 0 0 0 0 0 0 0 0 0 0 0 0 0 0 1 0 0 0
 0 0 0 0 0 0 0]
Cluster 6: [0 0 0 0 0 0 0 0 0 0 1 0 0 0 0 1 0 0 0 0 0 0 0 0 0 0 0 0 0 0 0 0 0 0 0 0 0
 0 0 0 0 0 0 0]
Cluster 7: [ 0  0  0  0  0  0  0  0  0  0  0  0  0  0  0  0  0  0  0  0  0  0  0  0
  0  1  4  1  0  1  1  1  0  1  0  0  0  1  3  3  4  6 50  1]
