51 25
1 50 3 7 11 12 13 17 18 24 27 38 43 44 47 32 0
1 14 27 24 12 23 30 20 49 35 42 28 41 51 36 9 1 29 40 0
1 0
1 27 42 28 23 20 14 18 5 34 0
1 11 34 44 0
1 11 44 18 15 45 47 39 13 31 34 8 5 38 37 2 4 26 46 43 19 32 48 6 7 25 21 3 33 50 16 17 10 22 0
1 24 12 23 30 27 14 20 49 28 35 41 42 40 36 9 1 29 51 0
1 24 30 23 12 14 27 29 36 42 44 49 51 9 1 40 48 20 28 41 45 15 0
1 1 29 42 27 51 24 14 2 12 23 28 41 18 30 39 44 43 45 15 4 0
1 24 12 23 27 14 20 28 49 35 42 41 51 0
1 11 44 18 15 45 47 39 13 31 34 8 5 38 37 2 4 26 46 43 19 32 48 6 7 25 21 3 33 50 16 17 0
1 8 11 44 18 31 38 2 34 43 46 45 13 39 15 26 3 29 5 7 4 37 47 48 17 10 0
1 27 20 24 30 49 35 41 14 12 51 42 23 28 0
1 11 44 18 15 45 47 39 13 31 34 8 5 38 37 2 4 26 46 43 19 32 48 6 7 25 21 3 50 22 16 17 33 0
1 27 14 20 23 24 30 12 49 35 0
1 24 23 20 41 30 14 42 12 28 1 9 27 36 49 51 35 0
1 34 2 15 43 39 47 31 8 16 23 37 38 44 0
1 41 27 30 23 24 12 14 28 20 49 42 35 51 0
1 27 24 30 23 41 36 42 14 43 28 2 20 9 18 45 11 0
1 11 44 18 15 45 47 39 13 31 34 8 5 38 37 2 4 26 46 43 19 7 48 6 32 25 21 3 33 50 16 17 22 0
1 25 43 33 11 44 45 47 39 17 8 5 18 15 38 37 0
1 42 23 27 41 36 30 28 14 24 12 49 35 51 1 6 4 9 47 44 43 39 38 2 3 5 7 8 10 11 13 15 17 18 16 19 20 21 22 25 26 29 31 33 32 34 37 40 45 46 48 50 0
1 0
1 27 14 30 36 44 43 15 13 0
1 24 12 23 30 27 14 20 28 49 35 42 41 51 0
1 9 1 14 20 29 24 23 27 12 30 42 51 49 35 36 40 0
1 27 14 12 24 23 30 49 20 28 42 36 35 41 51 0
1 11 44 18 15 45 47 39 13 31 34 8 5 38 37 2 4 26 46 43 19 32 48 33 6 7 25 21 3 10 50 16 17 0
1 11 44 18 45 15 47 43 8 2 5 34 31 38 26 37 3 39 13 4 19 46 6 7 10 21 16 17 22 25 29 32 33 48 50 0
1 40 1 9 29 14 36 39 18 16 15 38 41 12 28 31 30 34 47 43 45 13 11 42 44 49 3 5 4 6 7 2 8 10 17 19 27 26 25 24 23 22 21 20 0
1 43 25 3 2 44 11 4 5 6 7 13 15 19 45 26 29 18 38 31 47 48 46 8 37 34 33 22 21 50 16 17 0
1 24 12 23 30 27 14 20 28 49 35 42 41 51 36 9 1 29 40 0
1 12 24 23 30 27 14 28 9 36 20 49 42 41 51 22 29 32 4 0
1 11 44 18 15 45 47 39 13 31 34 8 5 38 37 2 4 26 46 43 19 32 48 6 7 25 21 3 33 50 16 17 22 10 29 0
1 11 18 26 15 44 29 45 47 39 13 31 8 5 22 37 2 4 46 43 19 32 48 6 7 25 21 3 33 50 16 1 0
1 43 29 20 11 4 15 17 24 31 36 50 48 46 41 27 22 21 51 23 19 26 34 49 47 0
1 11 44 18 15 45 47 39 13 31 34 8 5 38 37 2 4 26 46 43 19 32 48 6 7 25 21 3 33 10 50 16 17 0
1 11 44 18 15 45 47 39 13 31 34 8 5 38 37 2 4 26 46 43 19 48 6 7 25 21 3 50 16 33 17 0
1 24 12 23 30 27 14 28 49 35 20 42 41 51 0
1 11 44 18 15 45 47 40 13 31 34 8 5 26 46 43 19 32 48 6 7 25 21 3 1 10 50 16 17 0
1 41 24 42 23 27 49 20 36 51 30 14 1 9 28 0
1 11 44 18 15 45 47 39 13 31 34 8 5 38 37 2 4 26 46 43 19 32 48 6 7 25 21 3 33 50 16 17 0
1 2 34 31 29 15 11 5 44 42 28 39 27 18 47 13 12 0
1 51 41 27 28 30 35 20 3 23 24 42 14 12 0
1 28 24 11 14 44 39 42 36 31 26 27 15 45 13 9 7 3 12 2 1 4 5 6 8 10 18 47 34 30 49 16 17 19 25 20 21 23 29 22 32 33 35 37 38 40 41 48 46 43 50 51 0
1 24 12 30 27 23 41 14 20 42 49 35 51 0
1 0
1 27 49 24 12 23 30 14 20 28 35 42 41 51 36 9 1 29 40 16 0
1 11 45 44 12 27 30 24 17 22 46 18 19 28 20 43 31 34 23 7 38 37 14 13 3 32 15 42 50 36 39 4 8 26 41 51 5 48 47 49 40 35 10 21 25 33 9 29 6 2 1 16 0
1 44 11 29 47 28 8 30 38 43 13 31 3 27 37 7 0
1 24 12 23 30 27 14 28 49 35 20 42 41 51 29 36 0
1 20 27 23 24 51 41 35 49 42 14 28 12 30 0
1 24 42 28 27 29 12 41 23 14 30 36 51 0
1 9 27 41 36 30 23 24 14 12 20 49 35 51 0
1 11 44 18 15 45 47 39 13 31 34 8 5 38 37 2 4 26 46 43 19 32 48 6 7 25 21 3 33 50 16 17 0
1 13 31 41 2 19 4 18 7 34 20 44 39 27 8 11 30 42 0
1 9 14 1 29 36 42 44 43 50 45 34 11 12 13 7 3 23 0
1 7 13 19 11 44 15 45 47 39 34 31 8 5 38 37 2 4 26 43 46 32 48 6 25 21 3 33 0
1 11 44 18 15 45 47 39 13 31 34 8 5 38 37 2 4 26 46 43 19 7 48 6 32 25 21 3 33 50 17 16 22 0
1 27 51 23 24 49 28 30 14 35 41 42 1 20 36 0
1 27 28 12 24 30 23 14 20 42 49 51 41 35 0
1 11 2 38 37 44 18 45 8 46 47 48 17 15 7 34 13 31 5 29 4 21 19 43 50 39 33 16 3 25 26 32 0
1 2 11 44 29 18 13 12 7 3 22 24 30 31 43 45 50 32 36 42 27 28 26 25 14 19 1 4 5 6 9 10 15 16 17 20 21 23 33 35 39 40 41 46 47 48 49 51 37 38 34 8 0
1 27 14 12 24 23 30 9 36 22 20 49 42 35 41 51 28 32 0
1 0
1 11 44 18 15 45 47 39 13 31 8 5 34 38 37 2 4 26 46 43 19 32 48 6 7 25 21 3 33 10 50 16 17 0
1 8 5 2 37 4 26 35 32 19 22 6 43 48 7 25 21 3 33 50 16 1 0
1 7 8 13 19 31 34 41 44 27 5 0
1 11 44 18 15 45 47 39 13 31 34 8 5 38 37 2 4 26 46 43 19 32 48 6 7 25 21 3 33 50 16 17 0
1 20 27 28 49 42 35 41 51 14 12 24 30 23 0
1 2 4 5 7 8 10 11 13 19 18 25 26 29 31 34 37 38 39 44 45 46 47 12 15 17 24 0
1 2 11 44 18 15 45 47 39 13 31 29 8 5 22 37 4 26 43 46 32 19 48 6 7 25 3 21 50 33 16 1 0
1 11 44 18 15 45 47 39 13 31 34 8 5 38 37 2 4 26 46 43 19 32 48 6 7 25 21 3 33 50 16 17 0
1 2 37 6 5 32 15 45 26 14 18 27 31 46 0
1 33 35 51 28 5 0
1 11 44 18 15 45 47 39 13 31 34 8 5 38 37 2 4 26 46 43 19 32 48 6 7 25 21 3 33 10 50 16 17 0
1 11 44 18 15 45 47 39 13 31 34 8 5 38 37 2 4 26 46 43 19 32 48 6 7 25 21 3 33 50 16 17 0
1 27 24 49 41 12 23 30 14 20 28 35 42 51 9 36 1 29 0
1 46 11 14 15 27 29 31 32 34 37 38 42 39 43 8 7 13 18 0
1 24 12 23 30 27 14 36 20 28 49 51 41 42 35 29 40 1 9 0
1 11 44 18 15 45 47 39 13 31 34 8 5 38 37 2 4 26 46 43 19 32 48 6 29 7 25 21 3 33 50 16 17 0
1 28 51 45 24 23 35 34 42 41 30 7 10 13 18 27 40 44 43 46 47 48 49 50 36 37 33 32 31 20 21 19 15 14 16 9 3 4 11 12 8 1 2 5 6 17 22 26 25 29 39 38 0
1 11 44 18 15 45 47 39 13 31 34 8 5 38 37 2 4 26 46 43 19 32 48 6 7 25 21 3 33 10 50 16 17 0
1 2 4 5 8 11 13 15 16 18 26 29 31 34 37 38 39 44 45 47 0
1 24 12 23 30 27 14 20 28 49 35 42 41 51 0
1 27 14 12 24 23 30 20 49 42 35 41 51 0
1 24 12 23 30 27 14 28 49 35 20 42 41 51 36 9 1 29 40 0
1 27 24 12 23 30 14 20 28 49 36 35 42 41 51 9 1 29 40 0
1 1 24 14 9 27 30 36 40 41 42 8 29 0
1 0
1 12 23 24 27 28 30 14 4 49 51 46 41 40 35 0
1 9 1 14 29 40 36 24 12 23 30 27 20 28 49 42 35 41 51 45 0
1 27 14 24 12 30 23 18 31 44 42 28 20 49 32 8 0
1 14 28 27 29 36 41 42 51 9 1 40 0
1 11 44 18 15 45 47 39 13 31 34 8 5 38 37 2 4 26 35 43 19 32 48 6 7 25 21 3 33 50 16 17 0
1 27 12 30 24 28 20 41 23 14 29 42 36 51 35 0
1 9 1 29 43 38 26 4 34 44 39 2 16 11 35 15 0
1 24 12 23 30 27 42 14 20 28 49 35 41 51 0
1 24 12 30 27 14 23 20 49 42 35 41 51 0
1 13 19 31 7 11 18 44 45 47 15 5 34 39 0
1 34 41 42 44 39 2 5 11 14 15 23 24 27 28 30 37 38 47 13 4 26 0
1 10 2 3 4 5 6 7 8 11 13 15 16 18 19 21 22 25 26 17 29 31 32 33 34 37 38 39 43 44 45 46 47 48 50 0
1 16 11 44 18 15 45 47 39 13 31 34 8 5 38 37 2 4 26 46 43 19 32 48 6 7 25 21 3 33 10 50 17 0
1 2 39 4 30 18 45 19 5 51 13 15 7 10 8 26 28 21 37 43 31 46 0
1 2 38 18 8 11 37 45 47 34 29 4 15 39 21 44 27 0
1 1 2 3 10 8 6 7 5 4 20 19 16 17 15 14 13 12 11 34 35 36 38 39 51 50 49 48 46 47 45 44 42 41 40 37 23 24 21 22 26 28 31 32 33 29 30 25 27 18 43 9 0
1 1 9 14 29 36 40 24 30 12 23 27 20 49 28 42 51 41 35 0
1 44 27 18 29 9 40 36 1 23 41 30 45 13 12 47 39 28 14 20 35 49 51 15 43 32 0
1 15 34 2 5 11 13 26 29 31 37 38 39 44 45 47 0
1 11 31 13 34 27 38 18 44 23 28 42 2 30 14 26 24 41 37 39 29 45 47 5 3 12 50 0
1 46 29 5 18 31 45 44 11 13 24 4 15 36 37 34 9 47 0
1 11 44 18 15 45 47 39 13 31 34 8 5 38 37 2 4 26 46 43 19 32 48 6 7 25 21 3 33 50 16 17 10 22 0
1 51 30 12 27 41 14 29 0
1 27 14 12 24 23 30 20 28 49 42 35 41 51 36 9 1 29 40 0
1 26 18 12 11 5 23 27 29 30 36 42 44 8 13 22 24 31 43 45 50 7 19 28 32 35 33 37 38 39 40 41 46 47 48 49 51 20 21 17 16 15 14 10 9 6 4 3 2 1 25 34 0
1 41 27 30 51 23 24 20 12 9 28 29 36 14 42 49 22 0
1 2 5 11 13 26 30 34 31 38 39 45 44 0
1 14 24 27 30 12 23 20 49 28 42 51 41 35 0
1 26 45 27 30 46 18 24 5 14 31 44 2 28 8 33 0
1 29 11 27 30 28 41 15 42 14 31 4 34 43 44 23 13 12 0
1 35 51 28 24 12 23 30 27 14 20 49 42 0
1 24 27 20 14 42 49 41 35 51 12 23 30 28 0
1 27 44 0
1 44 38 11 37 2 4 6 18 39 7 13 26 15 19 8 29 21 32 3 16 17 33 34 25 35 31 45 46 47 48 50 5 0
1 41 24 30 51 14 23 28 42 49 29 12 1 27 35 36 40 9 20 0
1 29 31 18 0
1 8 34 41 2 0
1 41 27 24 36 30 14 28 12 42 20 49 35 51 0
1 11 44 18 15 45 47 39 13 31 34 29 38 2 8 5 37 4 26 46 43 19 32 48 6 7 25 0
1 46 11 15 18 22 23 30 31 48 47 44 43 42 41 40 39 38 37 36 35 34 33 32 49 50 51 45 29 28 27 26 25 24 21 20 19 17 16 1 3 2 4 5 6 7 8 9 10 12 13 14 0
1 11 44 18 15 45 47 39 13 31 34 8 5 38 37 2 4 26 46 43 19 32 48 6 7 25 21 3 33 50 16 17 22 0
1 27 24 30 23 14 12 41 42 36 20 51 1 9 29 35 49 0
1 27 41 42 28 23 51 14 30 36 0
1 44 13 45 30 14 19 5 23 26 41 28 37 27 39 11 47 15 2 42 0
1 18 44 11 15 45 47 39 13 34 8 5 38 37 2 4 26 43 7 6 3 10 16 17 19 21 22 25 31 32 33 46 48 50 0
1 14 20 27 28 35 36 42 49 51 0
1 11 44 18 15 45 47 39 13 31 34 8 5 38 37 2 4 26 46 43 19 32 48 6 7 25 21 3 33 50 16 17 22 0
1 11 44 18 15 45 47 39 13 31 34 8 5 38 37 2 4 26 46 43 19 32 48 6 7 25 21 3 33 50 16 17 0
1 24 12 30 27 14 36 23 9 42 41 28 1 35 20 51 29 0
1 11 5 44 18 45 15 47 39 13 31 34 8 38 37 2 4 26 43 46 19 32 48 6 7 25 21 3 33 50 16 17 0
1 27 28 12 14 24 30 23 38 29 36 42 41 20 2 8 11 51 34 0
1 24 30 12 23 27 14 36 9 42 1 20 49 28 51 41 35 29 40 0
1 11 31 34 15 8 38 47 28 4 44 37 39 26 2 45 16 0
1 11 44 18 15 45 47 39 13 31 34 8 5 38 37 2 4 26 46 43 19 32 48 6 7 25 21 3 33 50 16 17 0
1 11 44 18 2 5 7 8 10 13 15 16 19 25 26 31 32 34 33 37 38 39 43 45 47 4 17 46 50 21 3 6 0
1 46 11 18 15 45 47 39 13 31 34 8 37 2 4 26 41 38 5 27 14 30 43 44 3 0
1 24 12 23 27 30 14 36 42 20 49 28 41 29 1 9 35 40 51 0
1 11 44 18 15 45 47 39 13 31 34 8 5 38 37 2 4 26 46 43 19 32 48 6 7 25 21 3 33 50 16 17 0
1 1 9 12 14 24 23 27 28 40 41 29 42 20 51 36 44 0
1 24 12 23 30 27 14 20 28 49 35 42 41 51 36 9 1 29 40 0
1 11 44 18 15 45 47 13 39 31 34 8 5 38 37 2 4 26 46 43 19 32 48 6 7 25 21 3 33 10 50 16 17 0
1 11 44 18 15 45 47 39 13 31 34 8 5 38 37 2 4 26 46 43 19 32 48 6 7 25 21 3 33 50 16 17 0
1 11 50 13 41 7 30 12 43 31 27 44 47 45 38 24 22 18 3 17 19 32 0
1 11 44 47 34 31 15 14 13 18 5 39 29 45 50 38 30 22 19 12 7 3 8 24 26 43 0
1 16 34 11 38 37 44 15 2 18 43 45 47 31 39 8 13 5 4 26 46 19 32 48 6 7 25 21 3 33 50 17 0
1 29 27 28 30 24 12 23 14 20 49 42 51 41 35 2 0
1 1 9 14 29 40 30 11 13 27 34 21 42 44 47 22 18 36 7 3 50 45 43 41 38 31 32 0
1 24 12 23 30 27 14 28 49 35 20 42 41 51 0
1 27 14 23 42 29 24 28 41 30 32 36 49 51 0
1 18 17 15 24 29 37 38 48 45 46 44 10 11 2 0
1 11 44 18 15 45 47 39 13 31 34 8 5 38 37 2 4 26 46 43 19 32 48 6 7 25 21 3 33 50 16 17 29 10 0
1 27 11 30 20 14 51 31 39 12 29 34 44 5 23 28 42 49 41 35 24 3 7 13 18 19 22 38 43 45 50 0
1 9 1 14 23 29 36 27 28 42 40 0
1 11 44 18 15 45 47 39 13 31 34 8 5 38 37 2 4 26 46 43 19 32 48 6 7 25 21 3 33 50 16 17 0
1 38 34 37 2 8 11 32 4 26 45 31 13 7 19 44 6 15 5 18 43 47 3 39 48 25 17 29 16 21 10 46 33 0
1 24 30 27 12 23 14 20 49 42 51 41 35 0
1 24 12 30 51 27 41 14 35 49 23 42 28 0
1 24 42 41 28 27 44 0
1 12 27 24 30 14 23 36 20 28 41 42 49 35 51 29 0
1 11 44 18 15 45 47 39 13 31 34 8 5 38 37 2 4 26 46 43 19 22 32 48 6 7 25 21 3 33 50 16 17 10 29 0
1 1 9 51 28 27 36 14 35 29 42 0
1 42 41 27 14 8 39 23 30 29 44 24 0
1 11 44 18 15 45 47 39 13 31 34 8 5 38 37 2 4 26 46 43 19 32 48 6 7 25 21 3 33 50 16 17 0
1 2 11 44 13 18 31 32 34 39 47 3 5 4 21 6 19 25 26 37 43 45 15 46 50 16 0
1 13 27 47 44 37 14 45 43 39 29 28 21 20 18 0
1 24 12 23 30 27 14 20 28 49 35 42 41 51 36 9 1 29 40 0
1 40 14 1 29 36 9 19 27 28 31 45 44 43 42 3 11 12 13 22 24 38 50 51 49 48 47 46 25 20 0
1 24 12 23 30 27 14 28 49 35 20 42 41 51 1 9 22 36 40 29 0
1 11 44 18 45 15 47 39 13 31 34 8 5 38 37 2 4 26 46 43 19 32 48 6 7 25 21 3 33 50 16 17 0
1 11 18 44 47 34 5 13 31 45 29 39 46 7 38 2 37 4 8 21 26 25 43 10 19 15 16 17 32 33 50 3 48 6 0
1 23 28 42 29 24 27 20 35 41 49 12 36 51 9 40 1 0
1 0
1 11 34 37 15 44 45 39 47 13 31 8 5 38 2 4 26 46 43 19 32 48 6 7 25 21 3 33 10 50 16 17 0
1 2 11 38 34 37 0
1 44 2 5 4 7 6 8 11 13 15 16 18 19 17 29 31 47 38 39 43 37 34 50 25 26 21 10 32 0
1 24 12 23 30 27 14 28 49 35 20 42 41 51 1 9 36 40 29 0
1 24 12 23 30 27 14 28 49 35 20 42 41 51 1 9 22 36 40 29 0
1 27 24 30 36 12 20 1 9 14 28 23 29 35 41 42 51 49 0
1 38 37 34 45 2 8 12 11 18 27 26 4 44 39 15 28 47 0
1 24 12 23 30 27 14 49 35 20 41 42 51 9 1 50 29 36 0
1 24 23 27 14 28 36 41 42 30 12 51 49 35 0
1 24 27 36 30 12 42 41 23 28 20 51 35 49 0
1 24 12 27 30 23 14 41 42 33 20 49 51 28 0
1 27 20 23 42 28 30 14 49 51 41 35 36 29 16 7 3 32 11 13 12 18 19 38 31 44 0
1 7 24 27 30 36 34 42 44 13 4 3 11 12 18 23 31 43 50 0
1 20 27 14 12 24 23 30 28 49 42 35 41 51 36 9 29 40 1 0
1 11 44 18 15 47 39 13 31 34 8 5 38 37 2 4 26 46 43 19 32 48 6 7 25 21 3 33 50 16 17 45 29 22 10 0
1 24 27 14 30 36 12 51 23 35 28 9 20 29 49 42 1 41 0
1 11 44 18 47 45 15 39 34 31 13 38 37 8 5 2 6 4 26 46 43 19 32 48 7 25 21 3 16 17 0
1 24 30 12 23 27 36 14 28 42 41 20 51 35 49 0
1 41 12 24 23 30 14 27 28 49 46 51 42 20 0
1 11 44 18 15 45 47 39 13 31 34 8 5 38 37 2 26 4 46 43 19 32 48 6 7 25 21 3 17 33 10 50 16 22 29 40 0
1 11 44 18 15 5 45 47 31 39 13 34 8 38 37 2 4 26 43 19 32 48 6 7 25 21 3 33 10 50 16 17 0
1 27 24 20 30 12 49 35 41 14 51 42 23 28 0
1 11 24 28 32 34 10 44 39 41 42 37 0
1 34 41 4 30 37 15 2 11 44 13 47 18 39 5 0
1 11 44 18 15 45 47 39 13 31 34 8 5 38 37 2 4 26 46 43 19 32 48 6 7 25 21 3 33 10 50 16 17 0
1 11 44 18 15 45 47 39 13 31 34 8 5 38 37 2 4 26 46 43 19 32 48 6 7 25 21 3 33 10 50 16 17 0
1 11 44 18 15 45 47 39 13 31 8 5 34 38 37 2 4 26 35 43 19 32 48 22 6 7 25 3 9 33 50 17 0
1 27 14 12 24 23 30 20 49 42 35 41 51 0
1 29 9 27 42 23 28 11 44 18 15 45 47 39 13 31 34 8 38 37 2 4 26 46 43 19 0
1 24 23 28 9 31 14 42 29 26 35 1 49 41 27 36 20 12 30 51 40 0
1 18 44 47 11 13 45 39 5 31 34 15 0
1 29 34 2 11 18 45 1 9 4 7 32 13 38 19 22 25 15 46 31 37 17 8 39 50 5 0
1 2 4 13 15 18 27 29 30 31 32 33 38 37 39 44 45 48 51 0
1 11 44 18 15 45 47 39 13 31 34 8 5 38 37 2 4 26 46 43 19 32 48 6 7 25 21 3 33 50 16 17 10 22 0
1 11 34 1 29 14 28 13 30 31 41 39 42 47 27 5 44 15 23 18 36 38 37 25 24 26 32 33 35 40 43 46 45 48 49 50 51 3 4 2 6 7 8 9 10 12 19 20 21 22 17 16 0
1 11 27 44 18 14 45 13 15 47 31 34 7 19 37 5 42 28 0
1 27 24 30 41 14 36 28 20 12 23 40 42 29 1 9 2 8 4 0
1 36 1 14 29 9 40 0
1 24 12 23 30 27 14 20 28 49 35 42 41 51 36 9 1 29 40 0
1 23 12 14 24 27 30 20 28 35 41 42 49 51 0
1 0
1 11 44 18 15 45 47 39 13 31 34 8 5 38 37 2 4 26 46 43 19 32 48 6 7 25 21 3 33 50 16 17 10 0
1 14 24 27 42 23 36 20 49 28 30 41 43 0
1 27 24 20 30 49 35 41 14 12 51 42 28 23 0
1 11 44 18 15 45 47 39 13 31 34 8 5 38 37 2 4 26 46 43 19 32 48 6 7 25 21 3 33 50 16 17 22 10 0
1 29 14 36 9 1 40 24 12 23 30 27 20 28 49 35 42 41 51 0
1 43 48 41 30 20 15 16 2 4 22 24 27 39 23 31 28 45 44 42 36 18 11 13 14 3 0
1 38 39 41 44 34 31 29 27 23 18 15 14 13 12 5 1 9 24 28 30 32 36 47 48 49 0
1 14 27 23 28 24 30 36 42 43 0
1 11 44 15 18 45 47 39 13 31 34 35 8 5 38 37 2 4 26 46 43 19 32 48 6 7 25 21 3 33 50 16 17 0
1 11 44 18 15 45 47 39 5 13 31 34 8 38 37 2 4 26 46 43 19 10 48 6 7 25 0
1 24 12 23 30 27 14 20 28 49 35 42 41 51 0
1 14 41 42 24 27 28 29 30 23 0
1 11 44 18 15 45 47 39 13 31 34 8 5 38 37 2 4 26 43 19 3 6 25 16 46 32 48 7 21 33 50 17 10 0
1 36 27 42 28 1 24 41 12 30 49 35 20 23 51 0
1 30 34 11 41 27 18 31 38 44 45 13 29 24 14 12 28 20 43 50 51 22 17 7 3 15 0
1 24 2 12 14 27 30 23 41 49 42 28 20 0
1 11 44 47 39 18 25 31 34 38 4 5 37 43 45 48 29 3 2 8 6 10 15 16 17 21 19 26 33 50 0
1 26 37 6 42 28 30 5 14 23 27 0
1 27 14 12 24 23 30 20 49 42 35 41 51 36 9 29 40 1 0
1 12 24 42 23 27 28 41 0
1 2 27 29 44 13 41 28 31 34 36 38 37 11 24 42 0
1 11 44 18 15 45 47 39 13 31 34 8 5 38 37 2 4 26 46 43 19 32 48 6 7 25 21 3 33 10 50 16 17 0
1 2 24 27 29 31 41 0
1 11 44 18 15 45 47 39 13 31 34 8 5 38 37 2 4 26 46 43 19 32 48 6 7 25 21 3 33 50 16 17 0
1 29 46 11 44 5 15 13 24 31 30 39 47 45 34 0
1 11 44 18 15 45 47 39 13 31 34 8 5 38 37 2 4 26 46 43 19 32 48 6 7 25 21 3 33 50 16 17 0
1 24 23 14 27 28 36 42 49 29 12 20 35 41 30 51 9 1 40 0
1 11 44 18 15 45 47 39 13 31 34 8 5 38 37 2 4 26 46 43 19 32 48 6 7 25 21 3 33 50 16 17 0
1 27 24 23 30 14 20 0
1 37 38 39 34 2 5 11 15 17 18 26 29 31 44 45 47 46 0
1 27 24 14 23 12 9 42 28 30 36 51 40 1 41 49 20 0
1 11 44 18 15 45 47 39 13 31 34 8 5 38 37 2 4 26 46 43 19 32 48 6 7 25 21 3 33 50 16 17 22 0
1 36 1 9 14 27 40 29 20 23 24 28 30 42 51 12 49 35 0
1 14 36 24 23 27 20 30 28 12 1 49 35 42 51 41 9 29 40 0
1 1 9 29 14 36 40 0
1 24 30 12 23 27 41 42 14 49 36 9 1 29 40 28 20 51 0
1 27 24 12 30 23 14 36 42 41 49 51 35 20 0
1 5 47 45 39 34 13 31 8 38 37 4 2 6 48 32 7 21 25 33 50 49 16 17 11 18 44 15 26 46 43 19 0
1 36 9 1 29 14 40 27 12 24 23 30 20 49 42 35 41 51 0
1 9 14 40 36 29 1 0
1 9 1 14 24 27 23 42 29 12 51 30 20 36 40 35 49 0
1 12 42 27 24 20 23 14 30 28 51 35 36 0
1 34 37 11 44 15 45 47 39 13 31 8 5 38 2 4 26 46 43 19 32 48 6 7 25 21 3 33 50 16 17 18 0
1 11 44 18 15 45 47 39 13 31 34 8 5 38 37 2 4 26 46 43 19 32 48 50 6 7 25 21 3 33 16 17 0
1 12 24 23 30 27 14 20 28 49 35 36 42 41 51 0
1 24 36 12 23 30 27 14 9 1 29 40 20 28 51 49 42 41 33 0
1 28 27 24 30 35 36 40 42 23 49 51 20 14 12 9 1 41 0
1 11 44 18 15 45 47 39 13 31 34 8 5 38 37 2 4 26 46 43 19 32 48 6 7 25 21 3 33 10 50 16 17 0
1 46 2 45 11 29 14 24 34 18 23 26 7 27 30 31 37 41 44 47 32 38 42 3 0
1 24 32 12 30 15 26 29 34 38 45 27 14 23 41 11 31 44 18 47 49 8 13 43 7 19 3 50 22 10 51 39 36 37 28 48 46 42 40 35 33 25 21 20 17 16 9 6 5 4 1 2 0
1 38 34 11 44 18 15 47 39 13 31 8 5 2 26 37 4 45 19 46 48 6 43 32 7 50 33 3 21 17 16 10 0
1 38 34 7 19 11 5 13 26 18 8 47 45 37 44 4 39 2 22 43 31 50 16 15 6 1 10 33 17 32 3 24 9 0
1 33 27 28 41 14 12 24 23 30 20 49 42 51 35 5 45 0
1 11 44 18 15 45 47 39 13 31 34 8 5 38 37 2 4 26 46 43 19 32 48 6 7 25 21 3 33 50 16 17 29 10 0
1 34 11 45 8 31 37 38 44 5 2 18 47 15 13 39 0
1 11 44 18 15 45 47 39 13 31 34 8 5 38 37 2 4 26 46 43 19 32 48 6 7 25 21 3 33 10 50 16 17 0
1 1 9 14 23 24 20 27 28 29 12 40 41 42 49 51 35 32 36 0
1 11 44 18 15 39 47 31 34 13 5 38 37 2 4 26 27 0
1 2 11 14 18 23 27 28 29 30 31 36 42 41 44 47 10 0
1 11 14 15 18 20 23 24 27 31 41 42 28 30 44 0
1 11 44 18 15 45 47 39 13 31 34 8 5 38 37 2 4 26 46 43 19 32 48 6 7 25 21 3 33 10 50 16 17 22 29 0
1 43 11 44 18 15 45 47 39 13 31 34 8 5 38 37 2 4 26 25 16 46 7 19 32 33 17 48 10 21 6 50 3 0
1 27 12 14 20 23 30 28 24 49 42 41 35 51 36 9 29 40 1 0
1 27 14 20 28 41 24 30 23 36 35 32 22 42 51 16 17 12 25 33 40 10 49 1 29 21 0
1 11 44 18 15 45 47 39 13 8 5 38 37 2 4 26 46 43 19 32 48 31 34 6 7 25 21 3 33 50 16 17 0
1 11 44 18 15 45 47 39 13 31 34 8 5 38 37 2 4 26 46 43 19 32 48 6 7 25 21 3 33 50 16 17 10 0
1 12 14 27 30 42 15 23 24 28 51 34 13 18 38 43 44 45 32 50 41 0
1 11 44 45 47 40 30 18 15 21 27 28 31 34 36 41 13 12 5 3 23 7 37 42 0
1 11 44 18 15 45 47 39 13 31 34 8 5 38 37 2 4 26 46 43 19 32 48 6 7 25 21 3 33 50 16 17 0
1 11 44 18 15 45 47 39 13 31 34 8 5 38 37 2 4 26 46 43 19 32 48 6 7 25 21 3 33 10 50 16 17 29 0
1 11 44 18 15 45 47 39 13 31 34 8 5 38 37 2 4 26 46 43 19 32 48 6 7 25 21 3 33 50 16 17 0
1 14 9 1 29 40 36 23 0
1 11 44 18 15 45 47 39 13 31 34 8 5 38 37 2 4 26 46 43 19 32 48 6 7 25 21 3 33 50 16 17 0
1 46 11 18 23 27 26 34 38 42 44 45 47 31 13 22 43 0
1 5 13 11 18 24 30 31 39 44 45 47 15 14 34 41 0
1 24 42 41 36 30 27 28 12 14 23 49 20 9 1 40 0
1 41 27 30 14 28 51 12 23 24 35 42 49 20 36 9 40 1 22 29 4 34 0
1 27 14 12 24 23 30 20 49 42 35 41 51 0
1 20 9 42 24 27 23 12 30 14 28 49 35 41 51 36 29 40 1 0
1 11 44 18 15 45 47 39 13 31 34 8 5 38 37 2 4 26 46 43 19 32 48 6 7 25 21 3 33 50 16 17 0
1 0
1 24 30 12 14 27 36 23 9 1 20 28 42 29 41 49 51 35 40 0
1 24 12 23 30 27 14 28 35 49 20 42 41 51 36 9 1 29 40 0
1 0
1 11 18 15 45 47 39 44 13 31 34 8 5 38 37 2 4 17 26 46 43 19 32 48 6 7 25 21 3 33 50 16 10 22 0
1 24 12 23 30 27 14 28 49 35 20 42 41 51 36 9 1 29 40 2 0
1 2 27 28 41 23 43 34 42 3 4 11 30 44 14 48 37 16 18 31 39 38 12 49 47 26 7 0
1 11 44 15 18 45 47 39 13 31 34 5 38 37 2 4 26 46 43 19 32 48 6 8 7 25 21 3 33 50 16 17 0
1 27 14 4 1 9 42 18 41 43 31 30 28 23 13 11 36 38 45 50 24 20 22 33 12 8 3 32 44 48 6 0
1 28 30 24 12 27 14 49 42 41 40 0
1 11 44 18 15 45 47 39 13 31 34 8 5 38 37 2 4 26 46 43 19 32 48 6 7 25 21 3 33 50 16 17 10 22 0
1 11 44 18 15 45 47 39 13 31 29 8 5 22 37 2 4 26 46 43 19 32 48 6 7 25 21 49 33 50 16 1 0
1 11 18 15 45 47 39 13 31 29 8 5 4 3 2 1 6 48 46 43 32 7 16 19 21 22 26 33 37 44 25 50 0
1 36 14 9 29 40 1 27 12 24 23 30 20 28 49 42 35 41 51 0
1 24 23 12 30 27 9 1 14 20 28 29 49 35 42 41 51 36 40 0
1 47 18 44 37 34 31 3 5 45 11 8 13 46 39 19 25 50 48 43 38 26 4 16 17 32 0
1 24 12 23 30 27 14 20 28 49 35 42 41 51 1 36 0
1 29 30 36 41 42 51 49 23 24 12 27 14 20 28 0
1 30 27 42 41 14 28 23 20 29 2 0
1 11 44 18 15 45 47 39 13 31 34 8 5 38 37 2 4 26 46 43 19 32 48 6 7 25 21 3 33 50 16 17 10 22 0
1 24 12 23 30 27 14 20 28 49 35 42 41 51 0
1 2 4 8 11 15 26 27 28 42 30 31 29 34 38 44 47 18 20 21 23 22 24 25 46 51 0
1 8 16 50 0
1 11 18 5 6 15 31 39 44 34 0
1 43 25 11 44 18 45 15 47 39 34 13 31 8 5 38 37 2 4 26 46 19 32 48 6 7 21 3 33 10 50 16 17 0
1 12 24 27 28 41 42 14 20 23 30 36 0
1 24 30 12 27 14 20 49 35 41 42 51 23 38 28 7 18 22 31 45 43 36 32 3 11 50 0
1 24 23 30 27 14 51 35 28 49 1 42 41 12 36 9 20 29 40 0
1 24 12 14 27 49 28 23 9 1 29 35 40 42 41 51 20 30 36 0
1 11 31 18 37 38 39 44 45 50 5 13 16 29 51 47 46 48 34 33 32 26 25 8 2 3 4 15 0
0
"James Lewis"
"Paul Prescod"
"Shannon Miller"
"Adam Goldman"
"Erik Lexie"
"Andrew Weiser"
"Heather Frost"
"Alex Nagle"
"Daniel Parker"
"Matthew 'Monty' Monteverde"
"Marilyn Arwood"
"Sarah Jones"
"Carly Regina"
"Ronald Joseph"
"Jonah Gardner"
"Trevor Miles"
"Marlin Foreman"
"Vicki Fleck"
"Jo Wuest"
"Adam Schlesinger"
"Daniel Sandberg"
"Anna Goffreda"
"Mark Blaho"
"Sus Volz"
"Ben Curttright"
"Jarek Ervin"
"Anlin Wang"
"Austin Binns"
"David McMahon"
"Michelle Rossi"
"Olivia Harding"
"Kofi Biney"
"James Landrum"
"Dustin Guastella"
"Jason Linderman"
"Hamer Rodriguez"
"Scott Jenkins"
"Melissa Naschek"
"Josh Millhouse"
"John Bayard"
"Jesse Kudler"
"Eamon Caddigan"
"Rhianna Dean"
"Syne 'Soona' Salem"
"Briana S. Last"
"Jason Leach"
"Jeremy Wheatley"
"Matthew Lineberger"
"Garett Miller"
"Anne Weisse"
"John Hess"
"Delegates to 2019 DSA National Convention"
