44 27
-36
1 10 32 23 38 1 16 13 37 11 22 17 20 31 29 27 5 35 24 43 2 8 14 42 39 26 40 15 33 34 7 36 30 18 28 4 21 12 6 41 9 25 3 44 19 0
1 41 22 1 27 26 4 14 5 40 23 43 2 10 13 33 44 12 29 42 11 25 0
1 41 22 1 27 26 4 14 5 40 23 43 2 10 13 33 44 12 29 42 11 25 36 6 32 0
1 41 22 1 27 26 4 14 5 40 23 43 2 10 13 33 44 12 29 42 11 25 6 16 32 8 9 0
1 24 37 38 30 15 35 39 28 31 34 7 3 18 6 8 32 17 0
1 41 22 1 27 26 4 14 5 40 23 43 2 10 13 33 44 12 29 19 11 25 0
1 22 42 12 23 26 2 5 11 41 27 1 14 43 10 13 33 29 44 25 40 4 0
1 27 16 14 29 22 23 13 19 21 1 2 11 5 25 37 40 31 41 43 8 20 12 17 28 38 35 10 42 33 26 44 4 18 36 39 15 34 24 32 7 6 30 3 9 0
1 21 8 16 9 17 32 0
1 37 38 15 7 35 28 39 34 24 31 30 18 3 8 6 17 16 21 32 0
1 41 22 1 27 26 4 14 5 40 23 43 2 10 13 33 44 12 29 42 11 25 19 0
1 41 22 1 27 26 4 14 5 40 23 43 2 10 13 33 44 12 29 42 11 25 6 16 32 8 9 0
1 41 22 1 27 26 4 14 40 23 43 2 10 13 33 44 29 42 11 0
1 38 37 43 44 41 35 2 1 5 31 8 11 12 10 13 14 16 19 20 21 22 23 25 26 27 29 28 40 42 30 17 32 4 33 24 18 3 15 7 6 36 9 34 39 0
1 19 20 8 16 17 21 32 38 0
1 24 38 37 15 28 31 35 18 34 30 39 7 3 6 8 32 17 0
1 41 22 1 27 26 4 37 5 40 34 43 2 10 13 33 44 12 29 42 11 25 0
1 41 22 1 27 26 4 14 5 40 23 43 2 10 13 33 44 12 29 42 11 25 6 30 24 39 37 38 36 18 32 7 16 20 19 31 8 3 35 34 17 21 28 9 15 0
1 22 23 5 2 11 1 14 27 10 40 43 44 29 41 25 12 26 33 42 4 13 6 36 16 0
1 41 26 1 22 27 4 14 5 40 43 23 2 10 13 33 44 12 29 42 11 25 0
1 38 37 30 3 15 39 34 7 28 35 18 31 24 8 21 32 16 17 9 6 0
1 38 24 8 34 35 28 30 37 15 7 18 39 3 31 32 6 16 17 21 9 36 0
1 38 3 37 24 30 39 35 18 31 28 7 15 8 6 0
1 4 44 5 43 2 41 1 11 42 12 25 22 26 33 27 23 14 29 0
1 21 41 22 27 14 26 40 23 5 2 43 13 32 10 38 33 44 12 29 11 25 0
1 41 22 1 27 26 4 14 5 40 23 43 2 10 13 33 44 12 29 42 11 25 0
1 19 20 8 9 17 16 32 21 38 41 13 22 1 27 4 14 26 5 0
1 14 41 10 26 33 4 0
1 41 4 38 22 26 27 1 14 5 2 12 13 0
1 41 22 1 27 26 4 14 5 40 23 43 2 10 13 33 44 12 29 42 11 25 0
1 41 22 1 27 26 4 14 5 40 23 43 2 10 13 33 44 12 29 42 11 25 0
1 23 5 13 16 27 32 4 43 11 1 22 40 0
1 13 12 41 22 1 27 26 4 14 5 40 23 43 2 10 33 44 29 42 11 25 32 8 21 0
1 24 38 37 15 28 31 35 18 34 30 39 7 3 6 8 32 17 0
1 41 22 1 27 26 4 14 5 40 23 43 2 10 13 33 44 12 29 42 11 25 24 0
1 41 13 2 26 44 22 23 1 27 4 14 5 40 43 33 10 29 12 42 11 25 0
1 41 4 1 22 27 26 14 5 40 23 43 2 10 13 33 44 12 29 42 11 25 6 16 8 9 32 0
1 6 41 22 1 27 26 4 14 5 40 23 43 2 10 13 33 44 12 29 42 11 25 16 8 9 32 36 38 19 20 35 30 37 28 15 3 21 17 18 7 34 31 39 24 0
1 38 32 3 24 30 8 39 7 18 28 16 17 9 34 6 35 37 31 15 0
1 19 20 12 35 8 13 32 38 0
1 4 8 10 13 17 21 26 28 30 31 32 33 35 37 38 41 5 0
1 2 23 8 21 26 1 13 27 41 4 0
1 32 8 17 16 21 9 38 19 20 5 13 3 0
1 29 38 6 23 3 41 20 7 32 2 18 24 26 16 37 0
1 8 21 19 28 32 0
1 41 22 1 27 26 4 14 5 40 23 43 2 10 13 33 44 12 29 42 11 25 38 32 19 16 9 0
1 41 22 1 27 26 4 14 5 40 23 43 2 10 13 33 44 12 29 42 11 25 0
1 12 5 13 40 23 41 26 2 42 11 1 44 10 33 27 14 4 22 29 32 16 9 8 17 21 43 0
1 32 8 16 17 21 38 41 22 1 6 23 40 24 5 27 26 4 14 43 2 10 13 33 44 12 29 42 11 25 18 37 35 19 3 20 36 28 34 7 39 30 15 31 9 0
1 41 22 1 27 26 4 14 5 38 40 23 43 2 10 13 33 44 12 29 42 11 25 20 0
1 41 22 1 27 26 4 14 5 40 23 43 2 10 13 33 44 12 29 42 11 25 16 8 6 32 9 0
1 24 38 37 15 28 35 18 31 34 30 39 7 3 6 32 8 17 0
1 10 33 26 14 41 0
1 19 8 11 12 17 20 21 23 0
1 41 22 1 27 26 4 14 5 40 23 43 2 10 13 33 44 12 29 42 11 25 0
1 24 1 19 23 20 11 16 17 27 44 43 42 41 39 40 38 29 26 25 14 13 10 5 4 2 32 0
1 41 2 22 1 27 26 14 4 5 40 43 23 33 44 10 29 12 42 11 25 13 0
1 38 37 15 28 30 18 31 35 39 3 24 7 34 16 17 8 32 21 6 9 0
1 41 1 11 27 26 14 2 40 5 25 22 43 4 23 20 12 10 44 13 33 42 0
1 41 22 1 27 26 4 14 5 40 23 43 2 10 13 33 44 12 29 42 11 25 0
1 41 0
1 24 38 37 15 28 31 35 18 34 30 39 7 3 0
1 41 22 1 27 26 4 14 5 40 23 43 2 10 13 33 44 12 29 42 11 25 6 16 32 8 9 0
1 38 24 37 15 28 31 35 18 34 30 39 7 3 0
1 13 41 26 8 38 32 22 1 27 4 14 5 40 23 43 2 10 33 44 12 29 42 11 25 0
1 37 38 32 24 3 39 15 21 28 19 18 17 6 35 34 13 31 30 8 7 0
1 21 22 5 23 14 25 27 40 11 2 42 1 41 26 43 13 29 12 44 0
1 26 40 41 4 22 1 27 14 23 43 2 10 44 13 12 29 42 11 25 0
1 24 38 37 15 28 31 35 18 34 30 39 7 3 32 8 17 19 0
1 41 22 1 27 26 4 14 5 40 23 43 2 10 13 33 44 12 29 42 11 25 16 8 6 32 9 0
1 41 22 1 27 26 4 14 5 40 23 43 2 10 13 33 44 12 29 42 11 25 6 16 32 8 9 21 17 0
1 4 41 22 1 27 26 14 5 40 23 43 2 10 13 33 44 12 29 42 11 25 32 6 17 8 16 36 0
1 11 16 26 41 32 22 1 27 4 40 23 14 5 43 44 33 12 13 29 42 25 8 6 0
1 41 22 1 27 26 4 14 5 40 23 43 2 10 13 33 44 12 29 42 11 25 0
1 32 38 37 8 21 24 3 4 26 28 41 35 0
1 41 22 1 27 26 5 14 40 23 4 43 2 10 13 33 44 12 29 42 11 6 16 25 32 8 9 21 0
1 41 22 1 27 26 4 14 5 40 23 43 2 10 13 33 44 12 29 42 11 25 0
1 6 0
1 41 26 23 11 2 1 27 14 43 40 22 13 25 33 10 32 36 16 6 12 38 0
1 41 22 1 27 26 4 14 5 40 23 43 2 10 13 33 44 12 29 42 11 25 6 16 8 9 0
1 40 38 2 3 18 26 35 1 27 22 14 5 23 43 10 13 44 12 29 42 11 25 15 0
1 24 38 37 15 28 31 35 30 34 39 7 3 18 6 0
1 38 26 8 37 22 29 43 33 11 13 10 16 2 32 30 14 23 25 1 40 19 42 34 17 21 35 5 0
1 26 43 11 14 10 41 23 33 4 5 1 12 0
1 38 3 18 37 30 31 35 39 15 7 28 24 34 6 17 32 16 8 0
1 15 37 24 38 30 44 31 18 3 35 39 7 28 6 8 0
1 5 23 41 1 12 22 27 26 4 14 40 43 2 10 13 33 44 29 42 11 25 0
1 32 19 8 28 30 31 17 20 16 21 37 38 0
1 16 31 38 24 8 37 15 17 21 28 30 35 32 19 20 39 34 18 6 1 7 14 9 3 36 27 5 11 2 10 40 43 25 22 44 12 29 26 42 23 13 33 4 41 0
1 41 22 1 27 26 4 14 5 40 23 43 2 10 13 33 44 12 29 42 11 25 0
1 38 32 8 9 17 16 21 39 30 3 28 31 24 35 36 18 20 37 6 0
1 26 41 32 44 4 14 43 36 5 37 11 2 16 17 0
1 41 22 1 27 5 14 26 4 40 23 43 2 10 13 33 44 12 29 42 11 25 0
1 41 22 5 26 27 1 23 14 4 40 43 2 10 13 33 44 12 29 42 11 16 25 6 21 32 0
1 31 28 34 7 18 35 32 39 15 3 38 44 37 24 30 0
1 24 6 38 3 7 30 18 39 34 35 28 15 37 31 9 8 32 21 16 17 0
1 41 12 26 1 27 11 14 44 23 39 42 2 5 4 10 29 43 22 40 13 33 16 36 21 6 32 17 9 8 0
1 24 38 7 34 18 39 35 30 37 3 15 31 6 9 32 8 16 28 21 17 0
1 41 22 1 27 26 4 14 5 40 23 43 2 10 13 33 44 12 29 42 11 25 6 16 32 8 9 0
1 38 24 3 30 37 15 34 39 35 7 28 40 6 32 18 17 0
1 41 22 1 27 26 4 14 5 40 23 43 2 10 13 33 44 12 29 42 11 25 32 16 9 8 21 0
1 41 22 1 27 26 4 14 5 40 23 43 2 10 13 33 44 12 29 42 11 25 6 16 32 8 9 21 0
1 38 19 32 2 5 0
1 21 17 9 16 8 32 38 5 20 34 3 19 13 39 28 35 0
1 1 2 41 27 22 4 26 5 14 40 23 43 10 13 33 44 12 29 42 25 0
1 23 38 14 32 1 29 16 41 22 27 33 10 36 13 12 24 6 35 4 39 37 11 26 0
1 24 38 37 15 28 31 35 18 34 30 39 7 3 32 17 6 8 0
1 41 22 1 27 26 4 14 5 40 23 43 2 10 13 33 44 12 29 42 11 25 0
1 26 41 21 11 12 23 44 5 43 1 22 27 14 40 2 10 13 33 29 42 25 0
1 24 18 6 37 38 34 35 3 7 15 30 31 39 28 0
1 24 38 37 15 28 31 35 18 34 30 39 7 3 6 8 32 17 0
1 41 22 1 27 26 4 14 5 40 23 43 2 10 13 33 44 12 29 42 11 25 6 16 32 8 9 0
1 14 41 22 1 27 26 4 5 40 23 43 2 10 13 33 44 29 42 11 25 0
1 41 22 1 27 26 4 14 5 40 23 43 2 10 13 33 44 12 29 42 11 25 32 16 17 21 8 9 20 19 6 36 0
1 26 43 2 11 1 23 40 29 12 27 14 5 36 32 41 6 44 13 22 42 10 25 17 33 4 9 0
1 24 38 15 37 28 31 35 18 34 30 39 7 3 6 8 32 17 0
1 24 38 37 15 28 31 18 34 30 39 7 3 6 32 8 17 35 0
1 25 41 22 1 27 26 4 14 5 40 23 43 2 10 13 33 44 12 29 42 11 16 32 8 9 0
1 38 37 24 34 15 16 39 18 32 6 7 30 28 17 3 0
1 41 22 1 27 26 4 14 5 40 23 43 2 10 13 33 44 12 29 42 11 25 6 32 9 8 16 0
1 41 10 14 4 26 2 33 37 43 5 1 13 12 22 27 23 40 44 29 42 25 11 8 19 17 35 28 15 16 9 32 38 20 36 21 6 34 31 7 18 30 39 3 24 0
1 21 17 9 16 8 32 20 19 38 3 5 23 13 12 22 2 43 11 35 30 39 31 28 0
1 33 14 10 26 41 22 1 27 4 5 40 23 43 2 13 44 12 29 42 11 25 16 32 8 9 0
1 24 38 37 15 28 31 35 18 34 30 39 7 3 0
1 5 19 32 13 0
1 6 32 26 41 16 8 9 11 38 43 4 35 7 0
1 17 16 32 38 35 31 30 37 20 36 24 8 39 11 21 14 28 18 15 3 6 7 40 13 0
1 41 26 4 1 0
1 41 22 1 27 26 4 14 5 40 23 43 2 10 13 33 44 12 29 42 11 25 6 16 32 8 9 0
1 31 37 34 15 39 28 3 38 30 18 44 35 24 6 32 17 8 0
1 37 38 24 3 30 31 18 7 15 39 28 34 35 6 8 17 32 16 21 9 0
1 41 22 1 27 26 14 5 23 40 2 4 43 10 13 33 44 12 29 42 11 25 36 16 8 17 21 6 32 9 0
1 10 14 33 38 17 8 24 15 37 13 16 26 20 21 28 32 35 0
1 38 6 18 35 32 3 24 7 39 31 30 37 28 34 15 0
1 37 24 15 35 38 30 7 28 39 31 18 3 34 17 32 8 6 0
1 17 16 32 21 36 0
1 40 43 12 13 5 23 2 26 41 11 14 25 33 29 27 42 1 22 4 10 36 20 16 35 32 0
1 41 22 1 26 4 40 23 2 43 14 27 5 10 13 33 44 12 29 42 11 25 16 32 8 9 0
1 28 10 13 20 23 0
1 21 17 9 16 8 32 38 5 20 23 3 19 13 28 12 2 30 31 11 22 35 43 0
1 38 15 37 30 39 34 24 3 31 28 35 7 23 32 8 18 17 16 21 6 9 36 0
1 26 11 41 42 1 2 5 23 27 43 40 29 4 13 14 10 22 33 44 12 25 16 32 8 9 36 0
1 41 22 1 27 26 4 14 5 40 23 43 2 10 13 33 44 12 29 42 11 25 0
1 41 22 1 27 26 4 14 5 40 23 43 2 10 13 33 44 12 29 42 11 25 6 16 32 8 9 0
1 3 30 38 24 28 39 15 34 35 8 7 31 37 32 6 18 17 0
1 41 22 1 27 26 4 14 5 40 23 43 2 10 13 33 44 12 29 42 11 25 6 16 32 8 9 36 0
1 30 23 29 6 4 19 26 41 35 38 40 44 18 34 15 16 11 20 21 22 1 27 14 5 43 2 10 13 33 12 42 25 17 28 31 8 32 3 36 9 37 39 7 24 0
1 22 11 41 25 43 23 5 20 29 14 32 27 4 2 13 1 40 12 26 42 33 17 16 44 10 21 9 8 0
1 44 41 40 23 26 42 6 29 12 2 4 5 22 25 13 1 11 10 14 27 43 33 0
1 32 38 19 11 0
1 38 3 5 0
1 38 4 41 18 10 6 40 0
1 34 7 6 18 15 28 29 35 37 17 8 40 25 13 44 9 14 27 12 43 21 2 41 5 36 30 4 0
1 37 40 38 28 25 41 21 15 43 1 0
1 38 24 34 35 40 37 41 4 43 15 26 30 0
1 6 39 35 31 3 38 15 28 30 24 9 36 21 37 7 18 8 32 17 16 34 0
1 41 22 1 27 26 4 14 5 40 23 43 2 10 13 33 44 12 29 42 11 25 3 0
1 38 23 14 32 1 29 41 16 22 27 36 33 10 13 11 35 12 6 24 4 37 39 26 0
1 21 17 9 16 8 32 38 5 20 23 3 19 13 0
1 41 22 1 27 26 14 5 40 23 43 2 10 13 33 44 12 29 42 11 25 16 21 8 9 19 20 32 36 6 17 4 0
1 41 22 1 27 26 4 14 5 40 23 43 2 10 13 33 44 12 29 42 11 25 0
1 40 13 25 11 42 12 29 10 44 33 2 43 23 5 14 4 26 27 1 22 41 0
1 12 5 41 22 23 2 1 40 26 14 11 27 13 10 29 33 42 43 44 4 32 16 8 6 36 9 21 0
1 1 41 4 27 22 26 14 40 43 2 10 13 33 44 12 29 42 11 25 23 5 0
1 41 22 1 27 26 4 14 5 40 23 43 2 44 10 13 33 12 29 42 11 25 32 38 37 35 31 28 21 16 8 0
1 41 22 1 27 26 4 14 5 40 23 43 2 10 13 33 44 12 29 42 11 25 32 16 6 8 9 0
1 38 32 41 22 1 27 26 4 14 5 40 23 43 2 10 13 33 44 12 29 42 11 25 28 8 16 21 31 20 19 30 17 35 37 0
1 19 20 32 16 8 9 17 21 29 43 13 38 41 26 28 35 44 12 22 5 10 3 11 33 6 14 36 18 25 7 23 15 4 1 27 30 34 37 42 2 40 39 31 24 0
1 26 44 42 43 40 0
1 24 8 44 41 1 37 36 43 39 18 0
1 41 22 1 27 26 4 14 43 40 11 23 2 10 13 33 29 44 42 5 12 0
1 41 22 1 27 26 4 14 5 40 23 43 2 10 13 33 44 12 29 42 11 25 16 32 21 8 9 17 6 0
1 24 6 38 3 7 30 18 39 34 35 28 15 37 31 9 8 32 21 17 16 0
1 41 22 1 27 26 4 14 5 40 23 43 2 10 13 33 44 12 29 42 11 25 6 36 16 17 32 21 0
1 41 22 1 27 26 4 14 5 40 23 43 2 10 13 33 44 12 29 42 11 25 0
1 38 32 8 9 17 16 21 30 39 3 28 31 24 35 36 18 20 37 6 0
1 41 22 1 27 26 4 14 5 40 23 43 2 10 13 33 44 12 29 42 11 25 0
1 40 0
1 38 39 37 15 24 7 28 31 35 18 34 3 30 0
1 38 24 37 15 28 31 35 18 34 30 39 7 3 32 17 21 8 6 9 0
1 41 22 1 27 26 4 14 5 40 23 43 2 10 13 33 44 12 29 42 11 38 15 32 36 0
1 41 22 1 27 26 4 5 14 23 43 40 2 10 13 44 33 29 12 42 11 25 32 20 8 36 19 28 6 0
1 41 22 1 27 26 4 14 5 40 23 43 2 10 13 33 44 12 29 42 11 25 16 32 6 9 8 0
1 41 22 1 27 26 4 14 5 40 23 43 2 10 13 33 44 12 29 42 11 25 32 0
1 38 3 37 30 39 28 31 15 34 7 24 35 44 18 6 16 32 8 17 0
1 41 22 1 27 26 4 14 5 40 23 43 2 10 13 33 44 12 29 42 11 25 32 16 17 21 8 9 20 19 6 36 0
1 41 22 1 27 26 4 14 5 40 23 43 2 10 13 33 44 12 29 42 11 25 0
1 41 22 1 27 26 4 14 5 40 23 43 2 10 13 33 44 12 29 42 25 16 6 8 32 9 0
1 7 41 37 15 40 26 4 5 14 6 25 18 39 1 42 11 27 2 36 32 16 19 3 10 44 38 43 30 12 13 33 20 31 34 8 22 28 9 17 24 21 23 29 35 0
1 41 22 1 27 40 26 4 14 5 23 43 2 10 13 33 44 12 29 42 11 25 0
1 11 26 38 27 13 33 5 37 40 41 42 1 2 8 12 14 19 20 21 22 23 25 0
1 40 41 22 1 27 26 4 14 5 23 43 2 10 13 33 44 12 29 42 11 25 0
1 24 38 37 15 28 31 35 18 34 30 39 7 3 6 8 32 17 0
1 0
1 24 38 37 15 28 31 35 18 34 30 39 7 3 6 8 0
1 6 15 37 24 38 35 34 9 18 7 0
1 32 13 43 41 2 23 26 5 8 33 10 22 4 12 16 17 21 30 28 0
1 38 40 0
1 41 22 1 27 26 4 14 5 40 23 43 2 10 13 33 44 12 29 42 11 25 6 16 32 8 9 21 17 0
1 26 11 41 4 23 27 22 38 1 5 14 18 16 40 25 36 43 6 24 37 2 32 13 15 33 31 19 42 44 12 8 35 17 10 30 21 28 9 34 20 29 39 3 7 0
1 41 22 1 27 26 4 14 5 40 23 43 2 10 13 33 44 12 29 42 11 25 6 16 9 8 0
1 15 24 38 37 35 34 3 28 39 7 18 30 31 6 9 16 17 8 32 21 0
1 41 22 1 27 26 4 14 5 40 23 43 2 10 13 33 44 12 29 42 11 25 0
1 38 3 15 37 24 39 31 30 34 7 28 35 18 6 8 32 0
1 25 44 40 1 23 11 41 26 42 14 2 4 5 43 22 27 33 13 12 10 28 16 32 8 9 0
1 26 22 2 1 41 5 12 13 10 23 43 27 14 40 33 4 29 11 42 44 25 16 8 32 6 17 21 36 9 0
1 24 6 38 3 7 30 18 39 34 35 28 15 37 31 9 8 32 21 17 16 0
1 41 22 1 27 26 4 14 5 40 23 43 2 10 13 33 44 12 29 42 11 25 32 16 8 21 9 17 36 6 20 0
1 21 17 9 16 8 32 38 5 20 23 3 19 13 28 30 31 35 39 12 2 11 22 43 0
1 41 22 1 27 26 4 14 5 40 23 43 2 10 13 33 44 12 29 42 11 25 0
1 41 22 1 27 26 4 14 5 40 23 43 2 10 13 33 44 12 29 42 11 25 0
1 38 3 28 37 15 39 30 34 31 7 35 6 18 24 8 32 17 0
1 41 23 1 13 16 40 32 27 43 5 0
1 41 22 1 27 26 4 14 5 40 23 43 2 10 13 33 44 12 29 42 11 25 0
1 0
1 24 6 38 3 7 30 18 39 34 35 28 15 37 31 8 0
1 38 3 39 35 37 18 28 24 30 34 15 31 7 32 17 8 0
1 41 22 1 27 26 4 14 5 40 23 43 2 10 13 33 44 12 29 42 11 25 16 17 32 21 6 36 0
1 38 41 24 37 26 33 14 21 35 25 10 7 43 22 42 4 31 32 23 29 39 19 11 6 20 34 16 13 12 15 28 30 2 9 36 3 5 18 40 1 8 17 27 44 0
1 34 37 38 24 3 7 15 35 28 30 31 39 18 0
1 2 23 41 11 22 1 27 26 4 14 5 40 43 33 44 10 13 25 42 12 29 0
1 41 22 1 27 26 4 14 5 40 23 43 2 10 13 33 44 12 29 42 11 25 6 16 32 8 9 0
1 39 27 11 26 43 41 2 42 23 5 0
1 41 22 1 27 26 4 14 5 40 23 43 2 10 13 33 11 44 12 29 42 25 0
1 41 22 1 27 26 4 37 5 40 23 43 2 44 13 33 10 20 29 42 11 25 6 38 24 16 9 32 8 0
1 21 17 9 16 8 32 38 5 20 23 3 19 13 31 43 28 22 39 30 2 35 11 12 0
1 41 32 11 1 22 26 27 4 14 40 5 43 23 2 10 13 33 44 12 16 8 9 0
1 9 21 16 17 8 32 38 5 20 23 3 19 13 0
1 24 6 38 3 7 30 18 39 34 35 28 15 37 31 9 8 32 21 17 16 0
1 37 38 15 31 30 24 18 35 39 34 7 28 3 6 8 32 43 0
1 1 40 35 32 2 0
1 1 32 38 40 15 8 7 2 0
1 41 22 1 26 4 14 5 40 23 43 2 10 13 0
1 38 0
1 41 22 1 27 26 4 14 5 40 23 43 2 10 13 33 44 12 29 42 11 25 6 16 32 8 9 0
1 21 17 9 16 8 32 38 5 20 23 3 19 13 39 35 31 43 30 12 28 22 2 11 0
1 41 22 1 27 26 4 14 5 40 23 43 2 10 13 33 44 12 29 42 11 25 39 8 16 19 34 38 32 37 3 17 6 15 21 28 30 9 18 7 35 31 24 36 20 0
1 20 19 32 17 38 16 26 41 9 0
1 21 17 16 9 8 32 38 5 20 23 3 19 13 31 30 35 43 22 15 39 12 34 24 18 37 28 2 0
1 10 14 26 33 5 23 41 43 2 1 4 12 11 44 22 27 13 40 25 29 42 0
1 35 37 38 3 7 39 34 8 24 18 31 15 0
1 41 26 1 4 37 5 12 44 23 11 43 2 10 13 33 29 42 25 22 27 14 0
1 32 30 8 38 16 41 13 17 1 26 40 10 20 27 43 44 42 14 2 4 5 11 19 22 23 25 28 29 31 33 35 37 34 6 7 12 36 15 3 21 18 9 39 24 0
1 4 1 11 2 38 5 10 12 13 14 41 23 22 25 26 27 29 33 40 42 43 44 8 16 32 15 37 35 31 28 21 20 17 9 0
1 32 24 38 37 15 28 31 35 18 34 30 39 7 3 6 8 16 17 21 9 0
1 1 2 4 5 0
1 41 22 1 27 26 4 14 5 40 23 2 10 13 33 44 12 29 42 11 25 6 16 32 9 8 0
1 23 27 26 2 22 11 41 32 1 5 13 43 25 14 8 44 12 4 40 10 33 29 42 36 6 0
1 24 39 38 18 35 28 8 30 3 31 37 7 6 15 44 32 34 17 0
1 0
1 11 41 5 40 43 26 2 1 42 4 23 12 13 27 29 44 25 10 22 14 33 0
1 41 22 1 27 26 14 4 5 40 23 43 2 10 13 33 44 12 29 42 11 25 20 0
1 41 22 1 27 26 4 14 5 40 23 43 2 10 13 33 44 12 29 42 11 25 0
1 14 33 26 10 6 16 32 8 9 42 12 35 15 34 11 43 27 31 24 25 38 18 2 3 23 41 17 44 30 28 1 29 22 40 5 36 39 4 19 20 7 13 21 37 0
1 20 19 32 8 9 17 16 21 41 26 38 40 23 22 44 3 12 0
1 17 32 16 8 21 9 38 13 5 20 19 3 23 28 35 31 30 39 22 43 2 12 11 0
1 22 1 27 26 4 14 5 44 40 23 43 2 10 13 33 12 29 42 11 25 41 38 0
1 4 37 9 26 44 41 29 32 13 5 1 25 2 43 6 14 11 27 16 30 10 38 12 35 3 28 19 7 42 40 20 22 0
1 24 38 37 15 28 18 34 30 3 7 39 35 31 32 6 8 17 16 21 9 0
1 21 17 9 16 8 32 38 5 26 13 23 20 3 12 2 11 43 22 35 39 28 31 0
1 41 22 1 27 26 4 14 5 40 23 43 2 10 13 33 44 12 29 42 11 25 6 16 32 8 9 21 17 0
1 41 1 2 4 5 10 13 12 14 22 25 26 23 27 29 33 40 43 42 44 0
1 40 23 11 2 27 1 41 0
1 41 22 1 27 26 4 14 5 40 23 43 2 10 13 33 44 12 29 42 11 25 0
1 38 32 33 10 3 14 11 5 2 6 23 8 0
1 41 22 1 27 26 4 14 5 40 23 43 2 10 13 33 44 12 29 42 11 25 0
1 38 5 15 12 23 1 25 7 37 2 0
1 21 17 9 16 8 32 38 5 20 23 3 13 19 28 11 35 12 31 43 39 22 30 2 0
1 41 32 22 1 27 26 4 14 5 40 2 38 23 43 10 13 3 44 11 12 33 42 25 29 6 0
1 41 22 1 27 26 4 14 5 40 23 43 2 10 13 33 44 12 29 42 11 25 32 16 6 9 8 21 0
1 38 37 15 31 24 30 35 39 28 7 34 18 3 6 0
1 41 23 12 22 5 2 43 40 1 26 27 11 42 13 14 4 10 33 44 29 25 0
1 41 22 1 27 26 4 14 5 40 23 43 2 10 13 33 44 12 29 42 11 25 0
1 38 20 39 24 32 26 41 19 44 12 0
1 1 11 41 22 27 26 4 14 5 40 23 43 44 2 10 13 33 12 29 42 25 0
1 24 38 37 15 28 31 35 18 34 30 39 7 3 6 8 32 17 0
1 39 0
1 5 41 3 1 32 11 36 6 27 2 24 15 13 25 43 39 14 18 37 16 22 21 31 29 0
1 41 22 1 27 26 4 14 5 40 23 43 2 10 13 33 44 12 29 42 11 25 0
1 41 27 26 14 5 40 23 43 2 13 12 29 42 11 6 36 25 22 1 4 10 33 44 32 16 17 21 8 9 0
1 11 41 4 22 27 1 14 40 5 23 43 2 10 13 44 33 12 29 42 25 26 0
1 32 41 22 1 27 26 4 14 5 40 23 43 2 10 13 33 44 12 29 42 11 25 16 9 8 21 3 38 0
1 41 1 33 5 23 22 26 27 4 14 11 40 43 2 10 13 44 12 29 42 25 0
1 43 32 36 38 13 41 0
1 24 38 37 15 35 30 39 6 28 3 18 31 34 7 0
1 41 22 1 27 26 4 14 5 40 23 43 2 13 44 33 12 29 42 11 25 0
1 15 38 31 37 35 8 24 28 30 32 6 39 16 17 18 19 20 21 34 36 9 7 0
1 3 30 38 24 28 39 15 34 35 8 7 31 37 32 6 18 17 0
1 41 22 1 27 26 4 14 5 40 23 43 2 10 13 33 44 12 29 42 11 25 16 32 21 17 8 9 6 0
1 8 0
1 33 15 4 18 32 39 40 43 26 41 42 2 0
1 10 41 4 22 1 27 26 5 40 23 43 2 13 44 12 29 42 11 25 0
1 38 37 35 24 7 28 39 31 15 18 3 34 30 32 6 17 8 0
1 24 38 37 15 28 31 35 18 34 30 39 7 3 6 8 32 17 0
1 21 38 0
1 44 26 41 23 11 22 1 43 2 5 40 27 12 4 42 29 14 33 10 13 25 32 16 8 9 17 21 0
1 41 22 1 27 26 4 14 5 40 23 43 2 10 13 33 44 12 29 42 11 25 0
1 41 22 1 27 26 4 37 5 40 23 43 2 44 13 33 10 12 29 42 11 25 0
1 24 38 37 15 28 31 35 18 34 30 39 7 3 6 0
1 24 38 37 30 3 15 35 28 39 7 18 6 0
1 14 33 26 41 22 1 27 4 5 40 23 43 2 10 13 44 12 29 42 11 25 6 16 32 8 9 0
1 41 29 5 8 36 1 4 37 28 0
1 38 37 15 3 39 30 34 7 28 35 31 24 6 32 18 17 8 21 0
1 0
1 38 39 30 34 24 6 0
1 41 22 1 27 26 4 14 5 40 23 43 2 10 13 33 44 12 29 42 11 25 9 0
1 5 23 2 8 10 14 16 17 26 29 38 41 43 32 22 1 4 27 40 13 33 44 12 42 11 25 30 31 35 37 19 28 20 21 3 36 9 39 18 15 7 6 34 24 0
1 2 10 13 32 23 28 38 40 43 44 0
1 13 12 41 22 1 27 26 4 14 5 40 23 43 2 10 33 44 29 42 11 25 32 8 0
1 41 22 1 27 26 4 14 5 40 23 43 2 10 13 33 44 12 29 42 11 25 16 0
1 26 41 13 22 14 5 44 2 43 10 33 25 11 42 29 23 1 27 4 40 0
1 20 17 0
1 41 22 1 27 26 4 14 5 40 23 36 2 43 10 13 33 12 29 42 11 25 44 32 16 20 17 19 0
1 41 40 22 1 27 26 4 14 5 23 43 10 33 13 12 44 42 29 11 2 25 0
1 38 24 6 41 5 16 0
1 41 22 1 27 26 4 14 5 40 23 43 2 10 13 33 44 12 29 42 11 25 0
1 38 37 15 28 24 3 35 31 18 34 30 39 7 17 32 8 6 25 21 36 12 33 11 19 2 43 29 4 22 26 1 23 42 10 44 20 13 40 5 16 14 27 9 41 0
1 41 22 1 27 26 4 14 5 40 23 43 2 10 13 33 44 12 29 42 11 25 6 16 32 8 9 21 17 0
1 14 26 33 10 41 22 1 27 4 5 40 23 43 2 13 44 12 29 42 11 25 16 0
1 23 0
1 41 22 1 27 26 4 14 5 40 23 43 2 10 13 33 44 12 29 42 11 25 0
1 41 22 1 27 26 4 14 5 40 23 43 2 10 13 33 44 12 29 42 11 25 0
1 41 22 1 27 26 4 14 5 40 23 43 2 10 13 33 44 29 12 25 42 11 6 16 32 8 9 0
1 4 5 8 10 11 13 16 17 19 20 21 23 26 27 28 29 31 32 33 35 37 38 40 41 42 43 44 0
1 41 22 1 38 26 19 32 27 4 14 5 40 23 43 2 10 13 33 44 12 29 42 11 25 0
1 3 30 38 37 28 34 7 18 31 39 24 15 35 32 17 8 0
1 41 22 1 27 26 4 14 5 40 23 43 2 10 13 33 44 12 29 42 11 25 8 32 16 17 21 9 36 0
1 24 38 37 15 28 31 35 18 34 30 39 7 3 0
1 41 22 1 27 26 4 14 5 40 23 43 2 10 13 33 44 12 29 42 11 25 0
1 11 40 0
1 8 16 2 37 19 43 27 36 10 40 44 38 25 6 26 29 9 14 11 23 28 7 21 20 3 35 34 32 31 17 30 24 4 1 39 15 18 41 12 13 33 5 22 42 0
1 41 22 1 27 26 4 14 5 40 23 43 2 10 13 33 44 12 29 42 11 25 36 38 37 28 6 16 32 8 9 0
0
"Julia Alekseyeva"
"Emily Berkowitz"
"Max Bienstock"
"Austin Binns"
"Aliyah Bixby-Driesen"
"Katie Bohri"
"Tyler Boyd-Meredith"
"Bill Bradley"
"John Campbell"
"Matt Chewning"
"Daisy Confoy"
"Mike Dewar"
"Francisco Diez"
"Melissa Duvelsdorf"
"Jarek Ervin"
"Amanda Fox"
"Dave Fox"
"Jenna Gould"
"Justin Harrison"
"Mike Hess"
"Ethan Hill"
"Sal H"
"Shawn Hogan"
"Diane Isser"
"Rebecca Johnson"
"Ron Joseph"
"Meag Jae Kaman"
"Andrew Knox"
"Sam Layding"
"Jason L"
"Erik L"
"K.T. Liberato"
"Will M"
"Sean Frederick Mason"
"Josh Millhouse"
"Sepideah Mohsenian-Rahman"
"Melissa Naschek"
"Paul Prescod"
"Isaac Rabbani"
"Michele Rossi"
"Anlin Wang"
"Patrick Wargo"
"Sanwal Yousaf"
"Matthew Zanowic"
"Count 2: Philly DSA National Convention Delegate Election"
